2615.93 
863.93  
1990.52 
2815.77 
1181.31 
1321.13 
455.36  
812.47  
2638.90 
17301.72
2618.16 
899.55  
927.66  
1569.62 
788.48  
839.86  
1154.13 
3432.48 
1984.21 
1851.34 
1353.11 
1283.09 
702.14  
939.59  
2473.08 
1329.14 
5062.80 
3665.39 
1342.91 
1266.49 
4149.37 
1421.11 
1067.65 
1582.38 
1517.10 
2231.76 
1436.04 
1581.01 
2678.55 
1726.84 
1260.95 
2307.47 
1098.35 
2925.36 
3246.11 
3707.37 
1809.62 
1642.22 
1330.80 
3982.66 
1511.45 
1836.05 
4822.77 
2352.42 
4060.15 
2687.49 
892.94  
1416.49 
2369.87 
2979.27 
1749.94 
590.76  
1891.84 
3644.70 
1354.93 
987.62  
2528.10 
921.70  
2754.99 
523.64  
4154.50 
1597.63 
714.21  
1969.43 
2289.36 
1236.10 
1152.87 
684.77  
8542.50 
549.87  
1450.41 
581.39  
2792.55 
1438.65 
4683.18 
4606.82 
3425.94 
2344.15 
1472.63 
448.04  
6390.48 
1181.18 
1474.17 
551.83  
1927.34 
1851.63 
1011.21 
698.54  
2726.87 
2786.87 
8076.65 
2208.31 
1998.27 
1468.27 
505.59  
1158.64 
1044.97 
1978.12 
1185.95 
421.08  
2824.02 
989.32  
1344.19 
1877.80 
1055.74 
1008.91 
1134.03 
534.04  
1453.87 
1278.49 
1377.80 
1319.72 
2618.64 
2375.48 
1699.95 
4154.67 
1846.29 
740.00  
2377.21 
2247.85 
1063.67 
585.74  
855.49  
1734.93 
692.53  
3425.12 
1522.77 
1590.10 
1069.13 
2394.94 
3713.83 
1282.15 
9431.48 
1056.81 
1296.38 
1588.69 
1725.87 
1690.51 
3034.08 
4483.75 
1184.65 
1358.56 
1924.32 
846.11  
2239.15 
730.40  
2958.63 
1523.47 
1900.23 
1380.13 
1491.86 
2417.68 
2402.75 
2586.18 
1736.22 
846.60  
3118.40 
702.81  
2503.35 
3307.59 
8937.78 
1425.02 
1156.87 
1847.81 
1929.59 
2318.43 
893.41  
2283.98 
1504.00 
1797.21 
4079.38 
1860.58 
2578.37 
580.56  
987.44  
3861.66 
521.32  
1355.26 
1753.65 
5851.33 
3562.80 
2316.56 
1994.17 
829.05  
2078.72 
1798.68 
1305.49 
2225.58 
1658.11 
3313.24 
1101.11 
1382.11 
1274.74 
815.19  
1964.00 
3347.54 
2079.65 
1215.66 
1035.09 
1981.80 
1991.44 
556.25  
1629.94 
4550.54 
3759.29 
1204.75 
337.32  
582.06  
1114.90 
658.50  
1892.55 
2752.66 
5557.46 
2507.12 
543.71  
1639.98 
3914.75 
2607.55 
2974.14 
904.27  
934.29  
1596.35 
889.88  
931.82  
938.48  
1448.62 
3547.54 
858.90  
659.34  
1982.66 
2405.22 
483.87  
1190.66 
1897.30 
2133.73 
3468.00 
994.05  
1448.54 
1320.35 
1667.38 
1264.32 
1445.71 
760.38  
1929.90 
2878.00 
2950.16 
4040.29 
1566.82 
1440.82 
1125.52 
1159.41 
5022.42 
534.72  
3342.10 
954.08  
1727.51 
2617.48 
2343.51 
1175.02 
360.47  
4073.11 
2478.03 
662.66  
2531.58 
840.18  
2219.30 
2814.01 
480.65  
668.44  
977.95  
1523.62 
893.92  
2695.48 
6196.94 
2570.53 
5246.63 
2702.34 
562.49  
2674.99 
2307.01 
879.25  
1823.40 
560.95  
1324.38 
3854.04 
1186.00 
332.66  
406.81  
1680.96 
2794.64 
706.98  
1476.50 
538.23  
3196.24 
726.64  
1628.13 
3031.94 
2912.22 
1996.00 
1392.58 
2070.91 
756.56  
2813.56 
2384.87 
1538.28 
1707.28 
2702.79 
2225.17 
1839.47 
1034.03 
3222.49 
555.37  
1762.30 
1562.40 
2608.90 
5552.64 
540.45  
1375.20 
724.03  
2494.55 
2262.94 
4003.07 
529.53  
886.37  
2083.04 
1709.90 
2294.62 
3032.82 
1105.18 
1847.30 
1230.26 
3353.62 
1170.93 
588.48  
2946.74 
2725.93 
2615.51 
1070.98 
4150.21 
863.57  
595.56  
6606.63 
3238.49 
4296.12 
1203.27 
1505.34 
1457.37 
554.74  
332.20  
4675.28 
795.67  
3497.50 
1154.48 
528.19  
1032.89 
984.47  
1679.87 
1485.01 
1560.31 
2369.69 
1787.42 
879.71  
903.22  
452.66  
2034.50 
2081.72 
2456.68 
730.82  
1961.81 
1191.27 
4032.62 
790.68  
1928.26 
1086.58 
2814.52 
984.77  
1952.69 
915.17  
1397.48 
1011.22 
1917.88 
1548.11 
2919.25 
2847.63 
927.25  
2258.48 
2835.83 
2704.78 
3181.39 
1000.33 
1708.09 
2695.14 
2174.07 
2690.39 
2751.11 
6858.01 
1621.84 
1406.97 
1912.66 
2376.13 
1481.11 
1397.42 
1723.40 
3135.04 
2973.25 
2505.33 
3023.46 
1040.02 
965.68  
4014.58 
2297.87 
1226.24 
564.86  
739.41  
2482.52 
1859.19 
1091.48 
2363.77 
3066.62 
431.37  
1766.87 
1493.92 
1637.82 
1323.16 
389.67  
1424.42 
1556.19 
2555.49 
1509.89 
1647.22 
487.80  
1055.93 
2406.96 
2124.90 
1899.37 
5230.55 
3359.07 
1334.92 
2489.87 
987.50  
1128.32 
4665.59 
769.96  
827.05  
5459.39 
3098.78 
654.52  
2586.84 
5298.98 
4351.43 
1667.30 
1667.49 
955.86  
863.24  
3770.70 
1392.09 
2065.93 
3590.83 
3328.46 
1749.20 
3156.63 
1289.24 
533.72  
1890.69 
2458.27 
1012.72 
1604.40 
719.79  
3177.57 
2108.95 
910.65  
779.15  
1498.50 
3548.34 
8283.49 
16924.72
1826.16 
2168.29 
2319.96 
3364.23 
555.76  
797.34  
4045.69 
590.56  
687.60  
2190.71 
1771.88 
1137.45 
800.05  
1192.47 
1818.46 
2554.26 
1200.56 
4052.77 
1400.22 
1244.55 
1058.07 
2561.14 
528.86  
747.56  
1704.46 
4405.88 
1241.96 
806.13  
1028.91 
432.41  
598.13  
401.62  
5737.91 
2354.91 
1028.29 
3284.35 
3685.46 
2346.00 
2030.68 
2176.08 
3766.35 
4158.39 
10455.73
1107.12 
4422.83 
941.75  
1180.31 
4073.59 
1200.86 
1599.85 
8938.68 
2760.21 
1238.83 
390.69  
1026.90 
1894.07 
1137.01 
1301.78 
1366.77 
1622.63 
1166.02 
3734.22 
2023.95 
514.09  
1423.33 
3271.62 
869.88  
1629.78 
975.42  
4627.34 
2649.39 
1823.26 
1347.99 
2410.03 
5099.92 
11562.41
2548.54 
1706.89 
2060.82 
397.67  
2240.15 
1805.03 
934.23  
1903.49 
738.31  
1806.04 
1907.51 
2364.10 
1412.88 
1716.86 
2219.76 
2963.88 
2557.06 
808.65  
1844.97 
2719.08 
2367.79 
429.70  
802.77  
3915.52 
2015.73 
488.31  
1736.53 
667.59  
1267.65 
2018.68 
2244.15 
668.78  
3364.87 
931.31  
2236.43 
1229.85 
626.54  
2340.73 
2134.86 
1569.62 
9643.90 
5384.55 
2931.78 
683.35  
1127.33 
3376.28 
2219.59 
700.81  
1694.61 
1048.24 
3417.52 
2013.73 
782.31  
3100.13 
1128.83 
1687.55 
2240.19 
1230.95 
1870.90 
3351.52 
4065.94 
400.65  
1659.76 
5245.88 
808.02  
1148.49 
2889.99 
1379.30 
777.50  
1615.98 
2262.75 
3272.30 
3437.17 
1843.80 
564.19  
1515.98 
439.18  
1995.59 
1805.94 
551.37  
1436.33 
2951.36 
791.59  
588.23  
1969.22 
976.30  
1953.08 
1535.87 
2228.06 
1161.37 
1014.21 
1355.26 
2300.06 
523.53  
1614.15 
1148.02 
7339.03 
755.14  
2086.96 
1743.74 
2695.85 
1284.80 
1423.33 
9107.83 
1035.77 
1160.09 
928.11  
1150.68 
2382.80 
2417.24 
834.48  
1355.68 
4148.44 
2198.50 
7020.52 
2023.55 
3590.63 
2372.22 
599.51  
1972.41 
2649.82 
1414.03 
4573.39 
2027.14 
1909.57 
982.12  
1919.89 
1653.06 
2072.61 
1165.39 
552.09  
1257.81 
1641.91 
1241.48 
2479.22 
1045.18 
896.82  
2145.49 
1329.23 
1756.23 
2643.02 
972.08  
2234.81 
1194.69 
3496.30 
3956.00 
431.95  
2657.39 
3018.58 
3324.08 
1099.87 
2609.75 
2994.18 
1658.01 
1039.12 
958.12  
1758.31 
1041.79 
2622.89 
526.16  
4152.24 
1978.25 
1908.24 
2850.10 
418.51  
2207.57 
1444.55 
2675.82 
1136.56 
967.12  
2951.20 
594.83  
1580.88 
1568.42 
2743.76 
5331.59 
2648.22 
3508.10 
1303.57 
883.54  
255.49  
1447.58 
3910.37 
3412.56 
1904.67 
1824.08 
808.76  
2517.52 
1102.67 
977.88  
1358.14 
679.00  
9321.18 
4640.86 
2526.24 
1458.19 
3715.18 
1745.75 
1900.29 
667.19  
612.69  
3127.95 
1068.89 
2818.19 
601.96  
4026.62 
2137.12 
1541.32 
1795.07 
2772.22 
2608.76 
4052.52 
1414.22 
2003.43 
2026.63 
1125.15 
2019.43 
1841.65 
2287.56 
1542.48 
927.08  
2443.59 
4189.70 
1241.19 
1638.27 
1286.93 
860.07  
731.31  
2569.28 
997.32  
1707.44 
901.92  
867.00  
1022.95 
4105.15 
3036.55 
4670.14 
3245.66 
1301.47 
525.63  
5382.97 
4093.52 
1859.05 
1066.95 
2116.16 
1496.41 
1153.64 
4701.05 
3541.87 
3064.11 
3329.96 
1686.74 
2071.01 
3578.05 
1448.20 
1270.96 
1058.50 
6027.87 
4697.89 
1041.23 
1298.23 
2265.41 
1739.74 
1250.28 
1105.41 
1811.41 
1862.82 
1142.15 
778.76  
931.21  
1198.09 
2095.07 
1869.61 
1460.56 
1886.99 
2573.00 
1338.19 
2770.36 
1879.99 
2456.40 
1351.05 
912.10  
2550.10 
999.82  
2062.65 
1434.83 
1142.35 
2700.37 
1596.88 
4643.56 
1637.93 
1978.11 
1415.56 
2042.35 
1158.28 
1231.36 
3398.76 
1419.44 
2557.45 
1875.98 
1055.73 
1182.12 
3751.82 
1274.33 
980.40  
1037.43 
978.01  
962.06  
1996.04 
1532.08 
3742.81 
1502.25 
2760.49 
1408.21 
1777.40 
601.66  
4238.07 
572.42  
4557.68 
540.71  
1701.39 
865.95  
3229.63 
3275.64 
2935.68 
724.14  
684.15  
1048.41 
1641.49 
6053.33 
1645.05 
1783.64 
2481.30 
753.92  
4267.10 
7252.97 
2734.60 
5469.41 
958.09  
1733.87 
1252.88 
2360.97 
929.31  
538.92  
1619.19 
763.88  
1938.66 
3965.31 
2245.04 
2168.10 
1038.51 
6843.10 
2084.14 
522.40  
1688.37 
820.13  
1035.21 
1659.77 
1632.26 
512.07  
1006.69 
1034.01 
1397.43 
1482.00 
2243.06 
2155.56 
4187.90 
2382.44 
1745.60 
2240.33 
1494.16 
1331.83 
1947.52 
1581.61 
418.32  
534.33  
2685.48 
3978.23 
324.27  
2137.68 
2380.24 
615.25  
5982.24 
2074.83 
1062.38 
1097.54 
4307.79 
702.38  
1704.39 
1042.50 
4281.98 
1458.19 
1068.99 
1601.09 
480.34  
615.25  
3205.59 
1830.24 
3089.78 
645.65  
1985.79 
680.06  
1374.55 
1811.26 
963.47  
2687.19 
3039.03 
3282.15 
2377.01 
1667.05 
950.25  
6404.28 
1565.30 
1858.88 
2138.15 
6061.24 
2088.00 
3168.80 
2758.97 
1200.14 
2086.15 
1900.84 
813.58  
5999.78 
1319.10 
939.20  
1406.35 
2070.17 
2096.68 
1133.75 
3485.92 
1753.50 
2008.34 
1411.65 
3152.29 
3103.18 
2103.85 
1100.21 
3132.31 
1833.81 
1296.63 
666.31  
2146.70 
685.65  
881.26  
1828.10 
959.31  
667.75  
1446.83 
4175.95 
3363.22 
2494.95 
1858.61 
2354.49 
1194.80 
7448.89 
1572.45 
1214.56 
1391.49 
1632.62 
1641.96 
1581.31 
902.99  
3275.04 
508.46  
8784.86 
3597.62 
2672.86 
2781.37 
2400.30 
470.39  
1861.35 
1520.99 
1614.85 
3459.72 
1339.94 
1447.05 
2421.93 
1167.47 
2848.42 
6166.11 
1461.20 
3452.41 
4740.57 
10915.58
5928.36 
1629.45 
1301.45 
2240.58 
2470.54 
630.84  
10349.13
3763.85 
2744.11 
1465.35 
2536.91 
761.35  
700.58  
1038.96 
1951.71 
2187.10 
5184.50 
2079.43 
2317.50 
1157.29 
8471.14 
2095.71 
1708.69 
2436.74 
5904.27 
1462.93 
3845.12 
932.73  
1776.47 
1646.97 
2762.49 
4257.15 
709.11  
1005.95 
1056.64 
3475.00 
338.37  
1468.13 
947.56  
2167.77 
2889.93 
1568.95 
3657.52 
2938.43 
747.42  
2567.56 
2988.12 
1624.04 
2227.93 
1753.72 
870.74  
1490.35 
979.21  
3174.94 
2366.79 
630.78  
2024.42 
400.59  
1591.44 
441.21  
5052.69 
1889.83 
964.88  
646.38  
1277.98 
451.98  
1110.91 
1785.82 
709.97  
1801.39 
3563.64 
1607.73 
1332.51 
1493.74 
2103.71 
1568.35 
2016.89 
907.26  
1960.02 
1019.55 
854.46  
1854.32 
3589.21 
7800.52 
1535.27 
12188.05
1136.20 
6551.00 
4008.22 
743.67  
1925.73 
3712.19 
912.30  
1953.86 
1260.32 
1508.57 
545.72  
1620.54 
2684.46 
2767.71 
1022.51 
1001.46 
878.81  
1792.43 
1275.83 
2889.95 
1305.57 
731.35  
468.42  
1422.15 
826.42  
6301.76 
2701.41 
791.35  
4644.95 
645.92  
3165.72 
1650.17 
1731.43 
1323.33 
1629.07 
1855.82 
910.12  
3160.53 
4546.16 
636.61  
1015.56 
1523.85 
2181.87 
3808.49 
3256.17 
1914.62 
1198.13 
1805.96 
2996.07 
1385.19 
3120.31 
877.70  
605.33  
2355.92 
1953.44 
1270.65 
3308.86 
2372.02 
1698.15 
3150.35 
763.62  
1527.64 
778.42  
991.81  
2703.44 
1308.54 
4970.82 
3346.47 
3973.59 
943.15  
2286.41 
2722.33 
2282.54 
1490.30 
818.02  
2772.34 
2110.99 
1185.95 
1666.29 
721.52  
1779.85 
1127.28 
1447.98 
1829.15 
1524.89 
3518.64 
4381.87 
3342.25 
1958.79 
5491.48 
3675.65 
1591.51 
1076.04 
1195.29 
4243.29 
520.87  
1351.91 
3193.55 
2680.02 
2408.30 
805.83  
2200.08 
1156.64 
2425.77 
1281.13 
1959.57 
973.42  
1458.66 
531.46  
1498.91 
1185.41 
2288.25 
2810.77 
416.81  
641.30  
2259.54 
728.44  
3195.53 
5018.18 
1948.12 
1887.15 
2996.03 
1844.53 
1056.43 
6371.04 
491.90  
2126.23 
487.30  
1145.79 
4425.94 
1903.08 
1299.66 
1602.07 
748.36  
3296.82 
841.11  
1100.38 
1194.10 
1076.43 
871.23  
2201.83 
1207.08 
4713.09 
1508.08 
1113.55 
890.00  
1909.18 
637.29  
4882.09 
2373.90 
2266.86 
1678.12 
1344.65 
3988.33 
2660.48 
2632.94 
5691.80 
2550.17 
2831.61 
4477.84 
1794.44 
1477.14 
760.03  
6150.62 
5758.60 
1054.49 
3856.34 
2252.51 
5788.76 
1702.84 
878.19  
2398.51 
1083.09 
1126.78 
803.21  
2201.23 
815.69  
1199.99 
1119.04 
1458.93 
7432.54 
698.24  
1098.71 
1686.10 
725.84  
757.39  
1495.46 
1193.96 
1262.08 
1512.11 
890.54  
1738.23 
1643.80 
2289.21 
3444.96 
9171.22 
488.24  
1560.35 
619.63  
944.22  
2510.14 
1867.56 
5206.28 
1964.93 
1439.28 
1410.82 
712.71  
8868.79 
2869.17 
1371.84 
2987.14 
1981.06 
4900.91 
975.18  
2370.53 
2483.09 
3253.59 
1596.58 
594.15  
1758.15 
1689.98 
604.29  
1460.08 
667.39  
1276.34 
1508.32 
950.86  
2228.24 
2047.42 
814.68  
1421.36 
2061.40 
1267.95 
450.42  
1455.13 
1599.56 
3704.39 
1330.55 
3862.31 
1906.46 
902.48  
1079.12 
4783.23 
1530.31 
4726.22 
2788.06 
2765.39 
1072.65 
2770.73 
1627.56 
814.01  
5499.50 
2167.49 
2276.88 
1350.60 
1043.07 
2312.43 
6236.29 
3602.34 
2009.56 
2405.23 
2323.60 
3809.24 
2242.52 
2435.30 
2596.67 
1234.03 
3162.90 
1029.65 
2749.09 
4313.45 
2822.22 
872.34  
852.11  
1607.36 
6550.66 
2065.57 
544.23  
4200.11 
956.41  
1030.36 
2398.32 
913.45  
2635.06 
1759.94 
366.84  
1707.87 
2092.11 
1414.21 
1615.30 
2083.05 
2031.40 
1003.26 
3489.45 
1433.28 
847.47  
2327.05 
3186.03 
618.91  
2524.35 
606.84  
1789.05 
1035.68 
1094.88 
2098.32 
2803.51 
709.75  
3083.10 
3221.22 
1308.59 
927.94  
885.98  
2559.14 
1537.32 
1447.96 
6659.55 
2005.43 
668.84  
1574.23 
1122.21 
2263.58 
802.42  
1390.11 
699.30  
3960.85 
937.15  
2660.27 
5092.60 
2163.72 
1921.82 
2291.29 
1501.50 
3634.40 
1860.44 
1190.57 
793.65  
2045.01 
944.42  
519.24  
956.37  
3117.11 
4777.14 
1073.41 
4311.97 
2232.34 
720.00  
4082.94 
1711.54 
2976.54 
555.58  
2947.79 
1103.60 
1565.67 
1165.63 
719.05  
1371.62 
864.32  
1977.80 
700.34  
4610.10 
2641.87 
2447.17 
2918.05 
1566.98 
1731.02 
2345.50 
3636.40 
2210.14 
2691.83 
971.52  
670.94  
6054.26 
1250.10 
3800.28 
1445.41 
1508.34 
1061.26 
1036.56 
1625.42 
746.01  
4244.48 
6734.79 
1003.01 
4814.29 
1933.58 
1471.95 
6085.76 
1678.77 
1014.84 
2522.08 
1025.03 
1364.63 
4265.59 
921.65  
275.33  
1507.91 
6579.41 
2831.71 
2179.01 
1046.35 
404.85  
2415.31 
2058.83 
923.42  
1771.01 
979.45  
1206.09 
901.22  
634.16  
1502.08 
3989.10 
1064.16 
2555.08 
1981.96 
2735.79 
1617.72 
483.41  
866.26  
1069.16 
694.30  
475.06  
1565.66 
6113.65 
2091.31 
1344.68 
1193.45 
2282.28 
543.77  
2395.02 
561.45  
5252.79 
5924.74 
2018.70 
4574.35 
836.82  
2319.04 
1309.72 
3022.92 
1938.68 
1047.80 
2145.34 
7472.96 
455.51  
1518.23 
422.40  
4304.71 
3878.69 
1844.48 
528.83  
5228.58 
361.74  
1815.05 
3702.56 
3525.18 
3061.74 
3704.47 
5349.49 
822.28  
3574.56 
1013.69 
1274.31 
3856.27 
2515.99 
2764.86 
1166.38 
1601.30 
1045.94 
3377.97 
2710.98 
470.88  
1299.86 
766.80  
1166.85 
2598.53 
1752.58 
631.04  
11787.88
2405.06 
2173.63 
1992.78 
1669.29 
2481.19 
2037.62 
531.60  
2493.01 
1095.03 
3108.03 
856.89  
640.41  
1256.77 
3001.14 
1765.66 
1635.82 
2338.61 
533.83  
3310.89 
2939.80 
1549.20 
2617.61 
1880.88 
2801.04 
1022.52 
1207.15 
3288.13 
4351.20 
2549.00 
873.05  
1054.26 
4125.96 
605.34  
1090.00 
1907.56 
593.71  
2751.11 
1003.35 
2940.42 
1633.81 
1629.89 
1843.73 
1950.82 
1931.33 
5152.86 
1450.71 
1142.19 
2179.97 
1510.49 
789.83  
1163.63 
2898.53 
1833.43 
3972.92 
3102.45 
3893.99 
806.27  
3953.65 
948.35  
381.94  
1896.43 
4035.34 
494.88  
6176.33 
806.09  
912.87  
3247.04 
1501.97 
2991.43 
1333.46 
701.94  
1193.92 
3472.86 
6063.47 
1195.59 
2427.26 
1050.58 
2173.33 
1064.02 
1299.87 
1533.16 
1098.83 
1679.39 
1932.59 
1613.92 
1870.72 
4302.86 
907.76  
5993.42 
2243.92 
2442.00 
2217.71 
2771.94 
3697.85 
2717.41 
510.89  
2366.46 
4429.24 
4538.24 
2252.87 
1137.46 
2939.79 
3252.03 
4625.10 
2192.67 
804.68  
1842.32 
1491.83 
4473.93 
1946.03 
1271.00 
1804.50 
1164.94 
536.63  
3576.63 
3028.75 
792.79  
2555.26 
3888.09 
1845.45 
2544.09 
1429.44 
949.04  
5879.74 
1783.30 
2559.97 
1552.39 
650.48  
4909.34 
3631.14 
7236.58 
2020.46 
6006.59 
1614.76 
15033.97
3628.45 
3767.49 
2777.22 
2491.25 
527.63  
2265.64 
1121.21 
1385.39 
1241.27 
841.42  
2239.69 
8079.47 
1103.71 
1903.43 
4922.85 
2670.23 
1493.25 
1318.98 
384.32  
5941.75 
2074.45 
412.06  
957.49  
918.86  
2327.47 
3453.74 
3828.55 
1963.69 
1739.14 
1058.38 
2275.68 
2514.21 
1727.37 
8184.05 
1789.42 
1829.43 
1048.13 
2451.47 
748.08  
848.93  
835.87  
610.56  
2643.63 
2315.64 
3981.61 
3526.14 
727.96  
2290.93 
3351.96 
1124.39 
2250.09 
5560.87 
854.06  
5285.55 
371.23  
3275.06 
713.98  
1551.07 
3969.45 
1182.15 
4373.82 
1227.88 
2315.91 
2934.58 
2050.85 
937.65  
3873.74 
1439.25 
2969.00 
1836.50 
1180.71 
2839.81 
2205.29 
1922.08 
1256.56 
1355.49 
1296.16 
1044.68 
1135.78 
4519.14 
646.79  
630.35  
2229.95 
2885.51 
1783.75 
1278.30 
6772.99 
1431.18 
1979.80 
2612.82 
2322.90 
1832.77 
1612.10 
1898.08 
4310.60 
4704.31 
1760.20 
5593.96 
735.14  
852.08  
1159.56 
788.26  
3141.21 
2138.96 
2998.50 
1569.40 
3805.39 
2240.84 
895.45  
1355.69 
3459.04 
2313.52 
1417.76 
1545.44 
635.11  
754.62  
2714.43 
1812.25 
1203.50 
1756.02 
3390.51 
640.40  
808.15  
319.82  
2300.76 
1254.74 
1673.54 
879.09  
2383.65 
1085.13 
1441.75 
6802.48 
4873.15 
580.17  
1175.37 
2577.40 
2113.29 
1445.18 
3030.48 
1162.02 
1787.14 
5251.50 
1212.25 
2183.77 
898.33  
5110.41 
1168.34 
1849.77 
697.03  
992.42  
1121.15 
2271.05 
1693.34 
605.38  
1445.16 
1451.19 
1241.57 
2539.70 
819.99  
1602.75 
833.16  
571.95  
2292.37 
1303.86 
1700.91 
1047.03 
3019.78 
4517.11 
6706.77 
2438.82 
4372.61 
1725.70 
499.78  
2752.91 
5665.01 
2471.58 
556.06  
2883.33 
1258.83 
2519.22 
3208.92 
1497.81 
1481.04 
3775.24 
1605.93 
2914.80 
5697.26 
3214.80 
920.12  
1588.62 
2864.86 
1332.58 
1462.26 
5154.43 
2377.52 
684.26  
1909.45 
1289.07 
1694.97 
1287.97 
5271.71 
609.56  
549.10  
839.42  
1623.56 
1337.47 
2006.63 
3347.53 
2969.28 
2039.87 
1108.24 
2522.48 
1564.34 
2409.83 
1208.93 
1053.43 
4480.87 
1668.29 
4227.02 
1149.99 
1767.28 
866.20  
6175.73 
1120.56 
2636.91 
345.85  
3103.22 
2169.35 
1076.67 
1720.29 
1425.00 
1906.28 
3254.93 
3888.72 
1483.12 
7131.37 
801.33  
1006.48 
1442.67 
1234.46 
2720.92 
3702.45 
1613.59 
981.92  
912.85  
3091.14 
1312.37 
2861.42 
737.47  
1880.09 
1045.45 
3375.89 
1366.84 
1628.70 
3199.49 
2796.31 
700.57  
3998.27 
5222.45 
2191.98 
6949.07 
997.17  
1838.84 
1934.24 
1676.89 
902.77  
856.42  
1226.98 
3574.32 
1128.80 
1725.66 
3253.41 
1229.59 
963.88  
1219.36 
859.13  
2332.95 
1702.59 
2425.63 
1265.83 
2431.66 
600.63  
1682.33 
492.11  
796.92  
979.57  
755.09  
1010.43 
1037.46 
3123.49 
1517.15 
2484.88 
1129.27 
753.81  
10349.14
3521.23 
1321.43 
2802.86 
1007.15 
3621.48 
1855.34 
531.07  
1761.37 
1542.94 
748.28  
728.59  
2074.65 
813.57  
1491.48 
3227.76 
3064.04 
974.21  
14890.18
1050.94 
918.22  
2178.73 
2661.75 
903.79  
1645.21 
1384.65 
4040.97 
1860.08 
2404.20 
2511.84 
4305.56 
3994.50 
1388.04 
896.20  
859.43  
1794.05 
1206.71 
1292.31 
4524.53 
3160.35 
734.18  
808.18  
1043.22 
822.94  
2361.09 
1579.25 
884.77  
1255.40 
1309.93 
3149.02 
2968.81 
2223.52 
5394.15 
2050.64 
1476.50 
1052.32 
3916.21 
1042.00 
4847.93 
514.55  
1293.61 
4197.78 
1303.16 
1347.10 
2777.42 
3329.62 
1578.57 
1999.26 
2598.58 
992.17  
3987.73 
3129.26 
1393.65 
4650.27 
1308.42 
479.08  
646.84  
1790.37 
1220.16 
1146.19 
921.45  
1655.13 
942.17  
1240.81 
2056.14 
624.06  
3319.22 
1413.95 
3436.55 
3063.84 
2089.10 
1779.60 
1446.36 
1122.37 
1065.98 
9166.21 
2775.20 
2469.13 
3686.07 
2836.93 
1161.95 
913.43  
4219.43 
907.58  
853.31  
3099.38 
2563.53 
1410.07 
3636.41 
2223.73 
2169.30 
1634.62 
771.03  
1786.31 
2539.20 
456.67  
1177.25 
2673.03 
3380.99 
3983.08 
1492.50 
1813.39 
323.75  
4432.54 
3122.33 
3292.12 
490.82  
2695.63 
757.65  
2994.61 
1977.36 
7295.82 
2553.98 
1723.92 
1968.65 
2617.90 
3547.62 
1189.46 
950.73  
1952.96 
1903.37 
755.38  
1040.32 
927.07  
653.00  
863.97  
1344.12 
2037.80 
1996.92 
4469.99 
832.52  
1779.79 
4643.02 
1309.21 
3215.78 
4411.25 
1458.33 
1178.26 
2845.00 
585.38  
764.45  
1978.76 
966.74  
1769.77 
525.01  
2500.94 
1253.18 
3555.58 
1322.49 
1688.06 
2444.45 
554.77  
1214.68 
3177.41 
476.38  
3702.44 
1439.65 
1433.65 
1931.26 
1345.51 
3213.63 
1575.12 
2449.12 
1413.18 
2168.59 
1704.19 
1488.55 
820.83  
1542.34 
857.16  
4010.12 
1653.82 
548.84  
3598.76 
2049.77 
8616.06 
2291.70 
2926.06 
1006.19 
735.04  
3721.96 
2381.83 
1590.42 
2624.82 
1206.76 
2778.58 
1137.71 
1620.46 
2290.72 
2396.82 
1307.03 
2539.02 
2356.30 
3523.66 
3665.92 
3509.33 
862.76  
1682.95 
3165.59 
1438.35 
1928.60 
222.41  
2417.87 
2618.29 
4526.71 
2347.57 
1486.24 
549.76  
1239.16 
1515.46 
1499.71 
1284.90 
2647.72 
5933.92 
908.15  
504.93  
1397.21 
721.61  
940.13  
1877.35 
2808.70 
4237.49 
625.80  
2507.52 
891.59  
1938.15 
4284.60 
1334.14 
3216.84 
1833.47 
2393.12 
1149.09 
974.21  
1170.39 
1829.46 
854.99  
3877.19 
4234.56 
485.59  
870.82  
3009.79 
5262.18 
3163.52 
2879.55 
1652.71 
1897.57 
1636.18 
648.43  
1719.51 
362.59  
769.66  
5450.18 
4347.15 
1829.05 
1202.97 
4387.78 
6361.18 
1647.81 
1056.47 
1404.17 
1661.55 
3346.71 
1518.03 
3920.91 
1513.48 
751.28  
1209.72 
984.55  
742.61  
1254.22 
1726.05 
2266.66 
782.38  
1938.55 
1826.86 
1263.46 
1443.43 
2907.89 
6052.88 
1649.28 
1260.58 
3965.12 
1351.90 
894.64  
1159.87 
1431.92 
860.72  
498.89  
1340.71 
746.96  
901.44  
1462.89 
2561.26 
1983.86 
3255.57 
2412.45 
1191.62 
2865.23 
1964.37 
3563.77 
550.64  
1704.74 
2265.62 
1346.65 
2490.86 
947.65  
1309.59 
3027.21 
1840.70 
728.53  
1420.25 
1483.34 
1089.99 
2938.89 
534.70  
1145.77 
1436.86 
3075.35 
2483.15 
2712.19 
829.77  
2403.26 
1875.46 
1538.88 
1229.75 
2587.61 
1535.21 
5345.98 
810.13  
3488.84 
5675.68 
1199.85 
2035.06 
1323.15 
1272.22 
3859.73 
742.44  
3176.35 
2630.47 
1327.94 
2017.06 
2481.34 
3226.14 
793.58  
2911.58 
382.56  
1919.90 
9011.37 
2358.62 
1203.90 
640.85  
4095.07 
2833.14 
6372.55 
4461.15 
1629.27 
749.27  
4694.06 
1251.99 
881.53  
2994.16 
1733.17 
2700.55 
610.28  
2809.40 
1172.10 
1855.77 
966.25  
7437.75 
3867.48 
7352.49 
1880.61 
1785.56 
686.09  
856.22  
3520.51 
1042.40 
739.95  
529.30  
4377.85 
1836.59 
2102.23 
2111.03 
948.05  
5730.50 
1425.20 
598.68  
673.58  
266.63  
1147.10 
1079.32 
1193.45 
1462.19 
5069.11 
1166.32 
1304.83 
1140.36 
1172.01 
1919.12 
433.66  
1271.53 
3037.13 
3836.87 
4692.11 
1373.40 
1650.22 
834.67  
1258.27 
1155.41 
972.68  
1519.57 
1136.25 
3633.41 
416.67  
1532.49 
1056.29 
843.10  
2426.59 
956.81  
2256.72 
2005.72 
3097.83 
1860.83 
1172.67 
1008.97 
1235.88 
2085.03 
1438.56 
3934.96 
1147.28 
1812.54 
1099.37 
1487.66 
1752.74 
283.75  
1672.16 
2923.05 
7579.34 
1114.79 
878.37  
2190.86 
1530.08 
1750.00 
2015.21 
1365.21 
1089.49 
2155.22 
3236.11 
685.13  
784.30  
1480.96 
4145.72 
1043.72 
1544.75 
715.22  
1462.10 
951.10  
1448.91 
2766.03 
3817.66 
608.40  
1381.44 
768.41  
1518.42 
2146.86 
2659.12 
1000.65 
3284.43 
1051.48 
1388.92 
4856.56 
2406.71 
3444.93 
2765.43 
2313.85 
1229.58 
1603.38 
1354.17 
1883.30 
1251.51 
296.04  
4169.23 
1227.47 
1422.68 
5122.01 
386.61  
1474.33 
2484.58 
812.44  
3111.17 
2428.95 
693.55  
882.13  
1284.87 
1372.70 
3196.31 
750.22  
1354.94 
822.51  
1241.27 
419.36  
928.27  
1707.59 
1673.01 
4479.75 
358.32  
2446.09 
2192.47 
597.05  
26304.53
2395.37 
1845.58 
3551.37 
2044.87 
650.57  
420.83  
521.79  
1932.55 
1571.41 
2671.63 
4457.08 
771.28  
838.60  
698.71  
1949.73 
5516.25 
1721.86 
1230.86 
1572.86 
2764.97 
2256.03 
4218.59 
691.46  
2573.86 
1853.40 
1188.10 
3423.71 
1483.81 
630.59  
5410.01 
1121.09 
1214.61 
3057.43 
611.31  
762.54  
3055.09 
1553.84 
566.23  
2478.89 
3582.71 
1822.30 
890.30  
1774.81 
2217.61 
1203.35 
1072.29 
2539.29 
3274.73 
732.56  
2181.47 
3657.31 
2448.33 
730.97  
3192.91 
1654.02 
2134.38 
4006.59 
433.26  
3555.39 
2979.74 
1727.46 
506.48  
2514.58 
798.27  
918.21  
6287.03 
1421.37 
2000.80 
2390.68 
3254.46 
2704.45 
4126.14 
1234.40 
1432.44 
1357.17 
7210.22 
1871.66 
1856.74 
907.46  
2431.18 
2003.76 
2604.55 
1979.75 
392.83  
2118.23 
2888.43 
2533.58 
806.17  
4352.28 
2647.38 
1899.58 
803.66  
1606.29 
885.10  
1774.55 
2494.95 
1074.60 
2323.87 
1070.42 
2183.37 
1700.28 
2808.12 
1090.04 
4424.16 
1044.73 
1016.72 
3685.90 
2897.75 
2501.11 
3114.83 
1812.64 
803.12  
1232.62 
2384.65 
1208.27 
835.42  
4651.96 
785.14  
3679.70 
1885.72 
1538.13 
3142.66 
927.36  
243.67  
1075.81 
838.36  
3337.10 
2591.82 
2312.85 
3315.70 
2034.07 
3169.18 
701.08  
1353.35 
2313.69 
883.28  
927.26  
1641.73 
1471.10 
1744.90 
2788.42 
2049.61 
468.84  
560.32  
1115.77 
824.10  
2831.79 
2783.20 
1192.36 
3901.80 
2392.84 
1050.88 
866.36  
1900.49 
3467.66 
3395.48 
3534.23 
1860.89 
1604.92 
596.05  
297.82  
1933.63 
1127.25 
1673.13 
767.61  
2074.69 
3690.38 
6349.09 
666.74  
4930.27 
2275.11 
670.15  
1068.58 
1691.64 
1351.30 
1076.02 
2593.45 
1852.31 
2014.58 
803.39  
940.21  
1611.15 
1873.80 
1007.21 
2134.07 
2418.87 
1555.74 
1504.42 
1438.92 
1404.08 
3544.47 
548.57  
793.87  
856.05  
827.70  
2870.11 
3472.93 
1905.90 
2410.80 
1647.75 
2168.07 
2885.20 
2849.31 
646.71  
2026.76 
1369.94 
1432.92 
1500.03 
1315.56 
2462.68 
2099.70 
2208.95 
2092.42 
1016.21 
1146.51 
3137.53 
742.20  
950.36  
1599.40 
1110.81 
2458.33 
840.81  
611.68  
1469.02 
4616.48 
2448.69 
1255.43 
2064.66 
2737.65 
962.68  
3538.82 
1386.83 
1092.84 
2639.19 
561.30  
1367.35 
2142.31 
5838.94 
1198.01 
1037.05 
1528.10 
1705.85 
2377.84 
4539.59 
1978.05 
2996.39 
2165.69 
2666.65 
977.77  
493.06  
2437.69 
2230.59 
1380.62 
2065.21 
5472.74 
1584.79 
1351.55 
2696.56 
925.91  
3323.86 
3081.26 
1113.80 
2359.73 
761.16  
1607.70 
4129.75 
3979.37 
1238.11 
1245.61 
1468.02 
2878.56 
1740.49 
1594.52 
1427.49 
2021.47 
2963.34 
2818.16 
2682.37 
1872.10 
1434.94 
1958.22 
1651.26 
1028.83 
1245.15 
953.92  
1211.47 
1228.03 
2322.49 
5702.26 
1079.30 
2899.04 
1079.83 
3693.89 
905.02  
3015.20 
3188.66 
2936.30 
1516.64 
2424.53 
1041.74 
4159.27 
6536.28 
1455.04 
5184.55 
1925.07 
1254.62 
1034.89 
1836.94 
1194.77 
2234.60 
884.81  
850.07  
663.25  
1675.94 
1419.07 
1724.65 
2160.97 
742.93  
2727.58 
1015.89 
1109.08 
5597.18 
1382.97 
1090.24 
4024.38 
7275.27 
1125.07 
5042.78 
1935.47 
2078.62 
2229.65 
659.52  
2320.36 
654.82  
423.38  
1140.59 
2786.70 
5428.50 
1391.14 
1239.81 
2766.92 
1160.75 
2135.54 
812.86  
3048.06 
7154.53 
7243.92 
588.59  
1998.44 
1080.25 
1461.24 
912.22  
1357.10 
5921.90 
1942.06 
2289.28 
3214.27 
1699.28 
2499.33 
2731.92 
839.76  
1729.04 
819.15  
5099.41 
2473.76 
4996.12 
1555.54 
1582.92 
1309.97 
784.39  
2005.62 
1112.66 
645.01  
1662.86 
2044.94 
3279.35 
2364.51 
3952.55 
2274.06 
1379.94 
851.30  
4747.32 
1629.96 
884.85  
3767.27 
1934.49 
2122.19 
498.91  
2383.71 
1459.42 
886.02  
3640.32 
2040.77 
2142.44 
1429.55 
2265.93 
915.50  
5308.87 
1007.12 
929.47  
1846.83 
1261.68 
802.54  
3859.79 
1088.10 
3531.38 
984.32  
1052.84 
2572.93 
2708.06 
2989.17 
3058.83 
5334.16 
1659.80 
2984.37 
3053.10 
1722.77 
1342.20 
1870.58 
9002.61 
765.37  
2026.95 
1640.80 
1848.22 
5758.16 
2920.97 
1562.03 
1741.46 
2918.66 
534.86  
3099.11 
3077.39 
3236.55 
1022.64 
3745.88 
1901.51 
1675.18 
2104.70 
1930.09 
1693.30 
3969.16 
1173.65 
1672.42 
550.81  
2133.26 
1964.60 
1427.16 
3487.70 
5600.84 
3533.86 
3762.52 
1962.88 
1073.93 
2849.19 
3553.54 
1730.74 
3581.20 
5694.69 
3363.06 
1920.92 
1385.97 
1113.02 
4340.13 
2128.46 
2155.19 
2104.12 
1460.20 
1006.99 
2081.49 
2930.23 
2805.37 
1921.27 
973.45  
4239.24 
7317.90 
4353.21 
1572.30 
772.81  
1001.42 
1672.34 
1254.23 
992.17  
2392.45 
755.71  
658.81  
2277.89 
4759.70 
1193.84 
3771.23 
2488.53 
774.08  
3801.03 
1015.28 
1265.49 
1323.19 
3291.59 
368.23  
2664.84 
2352.39 
953.43  
2086.59 
2613.25 
954.00  
3958.71 
2380.52 
962.81  
1228.61 
1712.77 
3590.19 
1525.57 
917.71  
1421.22 
1692.52 
3420.66 
2937.49 
1194.08 
914.71  
1228.46 
1716.23 
1676.01 
2577.04 
951.78  
1898.32 
1605.83 
3662.89 
600.27  
797.49  
4125.57 
691.98  
1730.35 
743.62  
4486.79 
492.08  
1312.73 
2755.28 
4501.03 
2368.32 
2288.00 
2687.89 
485.90  
225.65  
1686.34 
2211.19 
1373.71 
1540.82 
1709.98 
954.10  
789.70  
687.76  
250.75  
557.82  
1821.52 
836.39  
875.11  
4380.45 
1313.34 
1559.84 
1585.32 
1875.27 
264.41  
3479.17 
2146.67 
1794.47 
1200.13 
2035.15 
4433.99 
3180.46 
1459.06 
1414.78 
2332.71 
2516.77 
3194.01 
2220.46 
2531.07 
2059.55 
3494.85 
3426.62 
3186.90 
447.20  
822.83  
2653.04 
2489.68 
1308.79 
1595.32 
5278.25 
473.60  
1958.10 
1031.04 
597.53  
3134.37 
2589.09 
388.89  
1659.30 
3668.94 
1032.59 
1095.74 
860.04  
1367.66 
446.10  
2348.15 
918.54  
3016.72 
1785.54 
855.46  
1612.31 
1980.25 
1257.94 
2460.25 
5492.65 
1889.43 
399.64  
1427.55 
822.26  
3146.53 
1958.89 
1098.88 
1256.39 
3200.75 
1143.93 
2337.14 
2077.45 
783.84  
5024.94 
631.44  
1305.03 
1609.41 
776.16  
964.80  
907.26  
2269.00 
1550.72 
644.54  
956.41  
2695.31 
2538.16 
1675.81 
777.37  
3537.26 
3562.86 
1224.93 
1931.07 
1694.61 
1680.66 
2047.67 
2865.95 
1808.82 
870.70  
1402.15 
2071.48 
1013.32 
2464.03 
3108.22 
2981.80 
826.01  
1056.74 
2859.04 
1231.80 
2346.69 
778.44  
2939.90 
4150.38 
1013.04 
1821.42 
3074.88 
2745.12 
1202.77 
1072.76 
516.62  
521.53  
2861.58 
3510.88 
2657.21 
1332.56 
2555.68 
1194.23 
2726.18 
3452.83 
1405.38 
2497.48 
793.11  
1925.06 
1051.44 
760.41  
1859.10 
5161.34 
844.54  
1921.28 
1086.21 
3184.88 
1535.88 
5477.80 
780.16  
3312.40 
1132.56 
1608.73 
2448.00 
2703.67 
2308.05 
1914.57 
2814.55 
6015.57 
2604.02 
1282.85 
2415.52 
2177.52 
1371.48 
3021.83 
2335.00 
1034.73 
923.79  
2407.02 
944.80  
1271.12 
2961.03 
722.46  
2229.68 
674.89  
4208.39 
2333.65 
1502.84 
1823.58 
920.84  
2480.51 
799.77  
1717.56 
2643.42 
4432.61 
1529.15 
3717.46 
1885.13 
746.90  
3893.12 
748.51  
2340.98 
1406.52 
2822.31 
1846.57 
2465.87 
1745.59 
863.23  
1971.36 
1406.65 
976.52  
1584.72 
1521.76 
1213.25 
1745.79 
7604.48 
3242.40 
1806.75 
3108.73 
911.92  
1500.48 
7586.15 
1441.40 
1110.68 
2450.13 
3394.75 
2058.63 
1356.82 
10209.83
3024.35 
918.28  
1367.52 
3255.01 
860.41  
1004.66 
10339.82
1464.14 
9432.48 
469.31  
1223.91 
2311.03 
697.18  
2199.56 
1351.26 
1741.19 
581.27  
1123.12 
483.97  
1673.44 
455.20  
1613.88 
2343.80 
2128.19 
3474.02 
920.69  
2989.53 
4278.59 
1115.70 
2966.95 
1792.94 
2431.23 
1392.67 
3511.13 
1017.88 
427.46  
761.43  
1962.02 
1281.98 
7957.77 
1684.12 
2039.97 
1406.08 
1985.00 
1803.95 
3435.11 
765.99  
1422.17 
1693.23 
552.06  
2338.03 
1609.29 
1699.26 
1396.22 
773.25  
704.92  
4105.26 
4206.65 
813.20  
587.59  
3870.88 
2567.44 
793.83  
957.53  
2166.99 
1710.07 
1033.17 
782.67  
2612.41 
9318.33 
1338.23 
6450.65 
2996.18 
1403.21 
613.01  
1549.92 
2343.89 
775.14  
2152.34 
2291.42 
995.42  
1032.85 
4287.56 
1674.54 
1961.11 
1022.12 
570.55  
1379.45 
959.81  
1902.00 
1174.77 
8561.67 
1890.33 
2334.03 
2226.67 
3696.25 
795.33  
3555.81 
1047.05 
3568.50 
1717.76 
921.90  
2105.66 
1205.17 
1265.53 
4666.33 
2496.00 
2136.40 
1671.32 
2274.63 
5085.22 
966.53  
2194.93 
885.78  
5768.14 
3488.18 
5045.07 
3560.18 
705.57  
1215.28 
2690.13 
2134.04 
2012.90 
745.52  
6245.45 
1236.88 
2026.48 
4488.16 
1810.38 
2787.50 
2063.66 
890.95  
2165.39 
309.44  
1089.60 
2700.23 
671.30  
591.28  
1252.22 
2015.27 
1671.71 
1058.84 
662.94  
2261.17 
875.89  
1836.44 
1119.57 
1965.27 
3840.31 
3507.99 
1263.56 
1270.09 
3844.24 
2148.71 
1639.98 
1023.25 
1063.43 
1243.43 
6051.50 
1829.72 
1572.69 
2064.18 
1770.69 
2461.70 
7315.30 
2633.08 
977.74  
3671.24 
399.39  
957.21  
1108.31 
1542.40 
2109.26 
770.89  
1153.59 
854.63  
743.96  
2414.00 
6273.79 
809.18  
2812.77 
2871.93 
1328.69 
1586.85 
1631.81 
454.08  
7050.56 
654.35  
918.88  
622.96  
2613.95 
8077.77 
1157.96 
1698.35 
907.17  
1336.93 
1550.89 
1101.47 
4278.98 
3452.72 
3196.66 
3805.14 
1320.26 
2536.79 
1597.58 
3998.22 
933.07  
1062.69 
2257.83 
673.05  
2292.07 
1779.11 
943.17  
3257.61 
1766.36 
5851.05 
1733.70 
847.24  
2770.50 
1350.45 
570.65  
1430.11 
2057.34 
1950.49 
1984.24 
959.95  
1577.73 
3417.28 
2102.74 
6122.60 
1190.23 
2240.43 
4698.34 
1584.51 
2381.40 
3980.94 
1195.52 
590.62  
4231.27 
795.70  
1745.49 
1046.00 
4131.36 
319.07  
2222.29 
2880.68 
1258.96 
6569.54 
3718.52 
3819.96 
3208.75 
2041.54 
3498.58 
1094.74 
2256.34 
1102.86 
977.83  
537.21  
2116.28 
948.48  
1786.63 
2087.38 
531.31  
1795.79 
4973.58 
1478.91 
516.17  
1348.70 
1924.16 
4551.40 
3194.93 
1236.01 
484.73  
1624.51 
797.81  
749.12  
1495.71 
795.18  
2912.45 
2289.99 
1676.18 
5689.90 
1316.71 
3412.75 
2964.02 
2264.15 
867.02  
2169.94 
468.82  
2899.30 
727.18  
1913.73 
2227.32 
2830.76 
4653.76 
952.07  
3556.07 
1069.14 
843.25  
1398.18 
2880.09 
1414.24 
1629.06 
1894.03 
1360.47 
673.90  
710.34  
2644.67 
5016.04 
2080.50 
739.54  
4785.01 
1665.33 
2722.63 
1242.43 
1389.51 
4667.24 
3704.29 
2599.21 
2357.30 
1234.89 
1686.17 
3908.79 
2006.46 
2883.71 
4539.88 
856.90  
5954.54 
1998.72 
1668.66 
1816.08 
2839.58 
3527.15 
3883.34 
2158.15 
953.76  
2840.89 
2175.94 
1018.98 
416.34  
2352.98 
3188.21 
919.98  
4873.22 
1544.97 
1787.96 
2500.57 
490.83  
709.92  
1312.65 
1521.55 
4469.73 
2595.36 
4972.56 
1407.04 
856.04  
1446.07 
3791.02 
2294.98 
1163.42 
1859.00 
1434.22 
1762.85 
481.15  
1365.78 
2097.20 
3734.95 
2915.42 
890.34  
3508.35 
2235.75 
2113.60 
1634.64 
3894.45 
1005.27 
666.29  
663.44  
2010.34 
1815.51 
2168.54 
4485.55 
1994.22 
2300.03 
1392.36 
1046.28 
2504.48 
1158.72 
942.88  
5044.51 
499.38  
1254.46 
1306.94 
1674.63 
4413.19 
470.72  
3716.23 
836.82  
944.53  
1214.88 
586.75  
1944.22 
1304.25 
589.71  
1846.58 
2181.62 
3319.11 
2484.45 
1077.33 
3355.32 
2323.19 
1102.14 
4491.59 
2303.18 
2572.23 
943.65  
1548.46 
3371.43 
690.36  
1368.37 
2446.95 
2513.32 
903.38  
1752.68 
2029.36 
912.06  
2291.65 
3436.22 
1073.17 
1340.44 
2582.31 
1309.40 
928.72  
7094.36 
1552.87 
888.88  
630.02  
1678.15 
3532.63 
1010.71 
1844.69 
1563.57 
3419.50 
1662.95 
2225.74 
2671.17 
1434.12 
4359.32 
895.92  
2462.55 
2943.24 
645.22  
2786.16 
509.33  
2553.24 
2069.98 
737.19  
3865.28 
1544.33 
1480.03 
2175.14 
367.73  
1291.38 
420.69  
1848.40 
851.77  
1759.16 
2477.67 
1854.19 
2082.03 
763.91  
1215.89 
1875.40 
3336.65 
683.85  
1123.04 
595.78  
1027.46 
1323.08 
2309.14 
1104.74 
383.51  
1149.17 
2048.93 
3012.69 
1599.31 
1368.06 
806.29  
992.71  
3395.72 
799.22  
623.21  
8070.63 
1001.92 
1609.81 
2151.22 
4289.52 
2697.22 
816.09  
2483.85 
2379.17 
1324.66 
645.80  
452.86  
569.78  
1300.42 
4767.54 
5406.61 
1104.88 
1851.94 
3882.40 
620.65  
1739.45 
944.12  
896.94  
760.05  
934.73  
1099.46 
1355.52 
2932.84 
1303.79 
1977.05 
1401.85 
2151.64 
859.50  
392.87  
1109.70 
1992.17 
1798.86 
2775.68 
1576.50 
1216.80 
2972.05 
1546.79 
6651.46 
3990.84 
2070.70 
799.59  
1800.87 
2736.23 
2985.86 
2921.32 
1365.50 
1072.44 
997.57  
2002.76 
1614.90 
1245.86 
929.78  
4971.16 
1310.64 
2372.59 
4496.65 
2078.90 
1597.28 
1205.01 
2958.96 
2282.74 
2238.46 
2811.51 
6463.75 
4981.28 
2286.98 
2247.22 
3605.73 
783.27  
1194.83 
1441.11 
1985.80 
5616.34 
4565.00 
1445.33 
3587.80 
2711.73 
237.95  
2858.28 
1858.44 
2771.20 
2378.39 
2248.75 
465.26  
1532.10 
2480.00 
5426.80 
5258.57 
1321.37 
2891.04 
674.60  
1193.01 
862.28  
1197.68 
1296.57 
1808.07 
1695.62 
3993.30 
1504.92 
3173.35 
4330.93 
1900.92 
3156.75 
3373.02 
1331.05 
2027.93 
1092.03 
4602.58 
1388.28 
2538.95 
3449.37 
2121.26 
2656.58 
340.95  
748.72  
1917.54 
940.81  
2047.58 
643.25  
1264.78 
1727.76 
1230.21 
3575.50 
1023.32 
2036.44 
4417.11 
2019.22 
1508.42 
2647.38 
3229.32 
1827.02 
2776.60 
2320.57 
476.30  
1043.56 
386.33  
1053.62 
1047.69 
1326.13 
3149.72 
942.43  
1610.48 
2324.18 
707.61  
1393.10 
3486.28 
6009.83 
1745.30 
2789.71 
2259.49 
4264.30 
1461.46 
1313.08 
3160.94 
1270.67 
1108.22 
2120.11 
1633.36 
1906.67 
334.65  
1655.17 
1608.84 
6447.54 
837.59  
6488.95 
772.35  
4038.72 
3772.42 
1150.78 
726.85  
765.12  
1218.76 
1466.41 
1001.69 
2265.79 
2877.15 
730.86  
1212.15 
1254.01 
808.25  
7400.16 
636.11  
2377.69 
2237.49 
2341.42 
990.10  
2681.29 
2547.87 
1544.45 
765.36  
983.69  
1779.17 
789.79  
2883.32 
729.37  
2916.76 
1014.80 
5084.42 
4856.78 
6372.78 
2386.63 
3349.20 
1609.58 
1529.32 
2318.58 
1625.72 
1616.11 
1729.86 
3587.93 
4148.95 
2068.08 
2174.64 
1268.60 
1025.65 
1225.38 
2146.38 
488.63  
2542.13 
1776.66 
3348.94 
1844.12 
5718.39 
1835.73 
1974.58 
903.81  
993.48  
1195.60 
1459.61 
1532.67 
1547.25 
2304.03 
732.17  
2256.60 
1688.10 
1720.67 
4128.74 
1788.71 
1068.65 
2040.49 
3441.36 
1363.59 
2064.00 
6726.36 
6824.08 
1113.27 
1334.30 
2272.72 
1996.14 
4532.51 
1582.83 
1235.16 
928.58  
1723.33 
1115.59 
698.50  
4280.61 
1643.22 
995.54  
3051.09 
1683.35 
2692.40 
291.62  
4875.36 
604.14  
2179.47 
384.19  
1868.12 
432.61  
361.19  
3125.70 
832.12  
2364.09 
2227.64 
1023.25 
2330.66 
1575.50 
564.13  
1210.85 
671.03  
1202.33 
5366.50 
3251.82 
1595.21 
2027.52 
2429.14 
2620.30 
822.20  
558.86  
1371.20 
4344.03 
2307.43 
1454.13 
932.19  
887.08  
4064.45 
902.71  
1946.86 
1856.19 
3901.14 
3211.68 
876.19  
2203.09 
1554.25 
984.00  
2192.46 
3842.39 
2197.14 
2760.29 
5525.26 
4273.80 
492.67  
2752.42 
5230.44 
2703.51 
1461.02 
1019.06 
2809.94 
1894.71 
1486.77 
465.41  
2310.97 
2099.10 
3964.68 
1527.20 
291.17  
2262.70 
1735.38 
3374.33 
2827.40 
2688.10 
4503.67 
2682.79 
1191.13 
1967.09 
986.92  
7773.15 
1572.98 
1805.41 
2187.32 
449.25  
316.33  
2416.77 
1405.26 
1924.76 
3677.58 
1270.51 
1271.71 
6396.34 
1551.84 
1445.35 
1351.08 
1577.72 
1075.80 
770.79  
5688.48 
3084.54 
2073.95 
729.31  
2482.83 
1135.09 
882.88  
1560.87 
2074.30 
1810.11 
2233.41 
2120.82 
918.03  
1824.18 
2696.05 
2364.41 
1333.48 
1232.51 
276.07  
784.99  
1253.04 
1455.37 
1853.33 
2584.93 
1441.11 
1822.68 
2854.08 
1144.08 
1305.50 
2964.42 
1035.97 
903.96  
3945.42 
1346.65 
2038.80 
2885.66 
768.78  
5284.31 
3640.63 
2895.74 
1929.65 
955.00  
5697.40 
2320.02 
380.28  
1576.08 
1848.32 
4041.63 
2017.90 
1242.56 
2125.42 
1736.47 
1021.88 
1828.27 
3529.91 
6004.11 
1483.12 
1075.85 
2224.97 
8171.90 
3253.25 
1519.79 
1957.99 
707.52  
1574.14 
1673.83 
3078.88 
1462.88 
1524.11 
1516.71 
1213.55 
3707.48 
3102.91 
2395.88 
1243.55 
1085.69 
1609.79 
2524.13 
2099.81 
3503.62 
1904.03 
624.75  
1987.19 
1190.28 
3613.94 
557.14  
2693.27 
659.75  
1041.83 
2186.63 
604.15  
1017.26 
2973.66 
530.19  
1943.86 
974.53  
1478.97 
5441.09 
2500.57 
1202.07 
3131.89 
1428.52 
1450.99 
2769.49 
587.25  
2078.64 
1187.13 
13774.28
1535.20 
1693.01 
3525.97 
1187.85 
1482.63 
763.95  
6292.13 
1095.24 
1718.28 
996.26  
880.52  
1495.74 
2160.19 
1994.15 
3901.33 
2874.85 
1118.27 
1074.49 
6116.14 
900.46  
730.76  
1173.35 
290.23  
615.94  
1141.89 
392.13  
369.30  
2564.22 
1719.15 
924.96  
466.33  
445.04  
3751.28 
921.25  
4445.25 
2069.43 
4217.23 
1369.53 
1927.40 
4592.48 
1592.21 
948.97  
2252.77 
1759.11 
2250.76 
1185.74 
1648.56 
1086.73 
588.33  
644.72  
894.36  
882.03  
1537.28 
1284.32 
1437.09 
1511.78 
6539.23 
2773.57 
1006.21 
743.97  
2027.84 
3385.96 
1153.10 
517.76  
1534.96 
903.88  
2666.68 
3119.22 
1265.50 
1260.55 
2767.38 
1132.53 
4809.09 
1192.47 
1184.33 
2252.85 
2844.98 
942.83  
1535.73 
1043.08 
1692.57 
754.37  
2281.58 
7368.91 
1275.01 
4391.84 
883.29  
451.42  
1118.20 
1647.13 
2233.99 
477.81  
1381.59 
1866.48 
2922.21 
1772.08 
605.36  
1404.40 
427.41  
866.06  
2286.32 
524.19  
686.30  
590.64  
1636.68 
1426.00 
1822.19 
1827.03 
7554.06 
9362.00 
867.64  
1079.71 
2203.76 
3156.08 
829.64  
2217.49 
4044.60 
1236.23 
3131.66 
1917.34 
1449.71 
1873.25 
1150.51 
4846.55 
1658.85 
816.04  
2102.52 
1910.07 
1279.38 
612.33  
1088.18 
1156.81 
3025.54 
2360.57 
1186.25 
1394.76 
1244.83 
3734.82 
1506.00 
1203.95 
7305.05 
1201.17 
1865.53 
982.88  
1580.21 
1216.36 
1353.33 
4520.02 
1876.83 
2274.95 
3768.95 
650.07  
1954.11 
2189.99 
4125.13 
1676.51 
2017.36 
4114.29 
1893.88 
2001.68 
1342.66 
2552.05 
2118.23 
1800.53 
4453.51 
1945.58 
1995.80 
2101.64 
889.79  
3520.04 
2757.84 
673.70  
461.50  
2335.02 
5385.77 
4070.08 
3855.02 
791.88  
3755.16 
1702.79 
859.47  
948.50  
1510.15 
2604.89 
927.89  
1989.76 
1073.05 
2069.72 
6118.99 
359.21  
1804.08 
4559.55 
1976.01 
5861.10 
4641.45 
1422.72 
2654.79 
1006.46 
1952.52 
3027.39 
1830.85 
2033.95 
1127.06 
5220.79 
626.23  
2268.63 
987.21  
746.29  
2423.09 
852.99  
3148.26 
3837.68 
3270.43 
3550.57 
2997.44 
3347.58 
8203.40 
1113.54 
646.08  
1626.82 
1585.59 
3827.83 
3383.67 
4032.04 
3407.88 
1467.33 
1930.19 
324.29  
1255.56 
4762.47 
2627.30 
1132.71 
1088.75 
2641.47 
1659.26 
4797.56 
713.13  
1531.80 
1095.93 
1084.96 
1688.95 
8223.16 
1561.02 
1218.23 
1762.09 
832.25  
2154.37 
981.09  
877.05  
4876.75 
2033.47 
1080.12 
904.60  
2101.03 
889.25  
600.24  
2665.23 
814.02  
1714.95 
2414.16 
3923.36 
1352.17 
2460.87 
1617.02 
2331.46 
1838.78 
809.08  
1217.73 
2683.41 
3256.07 
3705.87 
1113.22 
5841.88 
2099.06 
3376.53 
5076.58 
4925.11 
3426.19 
2076.91 
1863.21 
1619.15 
493.83  
1516.99 
1428.21 
2043.63 
1264.24 
2144.75 
2656.77 
5673.93 
784.76  
1288.29 
489.67  
2345.28 
3306.63 
666.63  
1807.35 
2924.35 
1993.60 
1801.54 
1653.65 
2304.65 
552.38  
1394.49 
1112.02 
3899.41 
868.67  
1013.26 
850.27  
1612.17 
1713.75 
1638.94 
264.06  
2979.44 
2366.68 
2314.66 
670.29  
1438.26 
606.55  
2386.38 
1255.34 
740.64  
552.62  
528.09  
2165.77 
2029.34 
1013.48 
2730.95 
3681.44 
1334.83 
6818.39 
3508.41 
3335.69 
1804.09 
777.04  
1648.02 
930.45  
1144.77 
674.51  
626.63  
2172.31 
2574.40 
450.51  
2956.51 
1602.78 
1781.50 
1133.45 
1235.64 
2142.32 
2287.81 
3136.67 
3632.99 
1955.98 
1042.37 
864.01  
1404.95 
4539.71 
2503.59 
3381.92 
2200.47 
2097.57 
4563.23 
702.31  
4859.62 
1693.35 
3625.55 
2783.29 
1283.12 
3164.81 
3478.99 
1862.44 
836.66  
2506.52 
1687.14 
1908.47 
4196.59 
2501.91 
945.74  
2928.97 
1286.78 
3561.82 
1366.93 
1403.99 
2975.16 
2244.48 
1318.32 
726.36  
454.19  
2043.42 
751.30  
1543.33 
2492.71 
3082.39 
715.36  
918.97  
2190.89 
2547.11 
2726.17 
1422.14 
1332.19 
1251.08 
307.63  
2884.59 
1798.44 
2648.40 
2190.98 
837.84  
1287.53 
1551.07 
1162.62 
1785.80 
1828.89 
1187.38 
2211.19 
1967.74 
2231.84 
1618.65 
3463.09 
1701.20 
895.42  
1148.32 
2244.90 
2062.29 
2413.85 
2727.90 
1507.48 
1619.63 
459.75  
1903.20 
2185.82 
1029.82 
587.10  
2608.17 
2129.62 
4466.96 
1126.84 
1831.99 
1340.29 
1382.92 
4564.52 
2099.62 
1012.86 
3485.64 
1176.15 
749.37  
945.12  
765.20  
2625.31 
1826.20 
1841.91 
926.28  
2285.93 
793.81  
4532.83 
2322.38 
835.49  
2655.59 
2535.14 
3604.78 
1350.51 
2535.51 
2552.20 
1818.55 
383.83  
912.91  
1484.89 
3153.97 
1260.43 
4581.62 
2319.47 
1488.27 
1219.91 
1270.29 
1058.42 
617.60  
2389.04 
1515.38 
1552.86 
1043.21 
410.96  
560.50  
799.66  
894.00  
1615.09 
1427.15 
1250.22 
1109.48 
1112.69 
4208.51 
1693.15 
1494.77 
3567.21 
930.63  
2051.98 
957.33  
2262.68 
2558.34 
2671.42 
1685.35 
3271.27 
2218.50 
619.74  
1533.05 
1749.99 
2580.40 
1381.29 
1498.27 
2307.83 
1137.35 
2394.18 
1742.11 
2300.66 
2369.47 
1091.73 
4411.20 
4780.13 
3852.42 
956.12  
1144.09 
1895.70 
1888.25 
6808.36 
602.80  
4679.70 
2057.06 
2357.09 
4394.54 
808.55  
3625.13 
1146.54 
2338.13 
751.49  
1070.49 
910.42  
2858.78 
2398.63 
691.83  
1188.43 
2614.79 
3934.64 
5059.85 
2062.38 
1983.52 
990.96  
1478.63 
2449.28 
880.69  
729.58  
1746.05 
2785.69 
956.17  
1767.59 
3311.68 
2597.74 
1292.13 
1374.64 
491.77  
2371.34 
8745.49 
1672.53 
1131.28 
635.30  
1884.52 
2344.39 
1878.47 
1634.48 
626.38  
1823.88 
3227.94 
5170.85 
873.68  
625.33  
1180.94 
2471.22 
1270.62 
8821.58 
1323.30 
2144.67 
1028.27 
959.32  
707.02  
1034.59 
3032.89 
1150.48 
1796.02 
1298.70 
863.23  
2031.57 
569.24  
1499.19 
735.46  
1995.81 
1022.57 
4031.04 
2424.62 
1862.18 
4404.32 
1424.50 
1563.64 
1150.25 
1205.09 
4612.95 
463.01  
888.63  
451.92  
1697.03 
2890.53 
857.72  
1893.83 
942.81  
2348.33 
2286.53 
1483.33 
1277.23 
2580.07 
1587.48 
1834.46 
1656.08 
4356.97 
1759.84 
3276.90 
1481.22 
1048.57 
3091.48 
1968.59 
4802.38 
1851.24 
1474.48 
1583.83 
2359.27 
2902.57 
689.44  
999.22  
1368.18 
1294.53 
2679.67 
2766.94 
489.29  
1936.19 
1028.14 
4775.29 
1556.55 
602.64  
3212.50 
840.44  
3244.65 
1773.03 
2531.08 
2086.40 
693.57  
1550.13 
1410.10 
665.95  
1557.63 
1397.67 
3953.17 
3933.00 
2610.80 
464.27  
1525.77 
5207.65 
1597.77 
1136.64 
2845.08 
2269.81 
2070.51 
1669.90 
748.04  
5150.48 
4052.10 
4131.44 
905.41  
3119.69 
2756.71 
972.94  
4153.24 
3228.72 
1894.78 
4714.62 
7866.40 
2956.96 
4452.30 
564.36  
4088.21 
2408.40 
498.84  
2087.42 
2298.22 
1560.46 
4162.09 
1941.37 
2042.92 
4877.92 
2258.38 
486.76  
8938.12 
8238.78 
4955.72 
1636.60 
947.45  
1656.57 
1586.53 
8368.95 
1932.24 
1772.79 
2054.67 
1116.10 
1696.91 
1043.82 
2272.23 
833.39  
734.54  
3612.17 
2122.99 
3734.05 
3162.43 
2241.92 
878.14  
1689.56 
1339.40 
1514.31 
1371.50 
2613.66 
1023.73 
3882.81 
1674.11 
3944.36 
1974.33 
982.08  
2287.87 
681.61  
1893.55 
1452.03 
332.95  
2158.56 
973.42  
1134.88 
1887.36 
1396.51 
1439.74 
1216.73 
2400.52 
999.69  
1350.08 
8504.47 
1826.44 
4699.43 
521.25  
2576.25 
2940.13 
7556.39 
1090.66 
900.03  
1927.61 
1216.00 
1056.67 
797.95  
550.15  
2060.13 
1668.27 
1169.43 
492.96  
954.44  
608.80  
1030.52 
3203.83 
9310.72 
4024.91 
4336.88 
6184.35 
1731.23 
2559.94 
913.23  
5077.67 
1163.68 
2632.45 
1719.66 
1368.61 
736.33  
590.37  
931.42  
1822.97 
2077.87 
2769.41 
3137.22 
2863.09 
2531.48 
1439.77 
3168.07 
1748.68 
2741.72 
4925.90 
1101.05 
1299.78 
3044.47 
1291.19 
1397.67 
3722.06 
705.83  
646.26  
3411.64 
3354.23 
1005.71 
771.52  
1838.80 
1374.35 
3672.97 
2553.80 
3168.08 
2570.62 
1568.22 
2242.78 
1219.43 
2263.64 
2360.00 
1549.81 
1943.20 
1097.51 
1515.31 
2270.72 
1383.13 
5437.90 
3170.37 
770.43  
3518.62 
2218.07 
1245.51 
782.96  
4437.48 
1999.98 
945.73  
1307.66 
2088.06 
2717.11 
1231.73 
1707.72 
2750.54 
549.14  
2844.02 
4230.97 
1296.66 
5200.26 
3077.90 
4844.07 
1411.10 
2078.77 
3778.09 
3766.58 
734.67  
1349.43 
2825.95 
978.44  
2949.08 
1785.36 
1230.62 
3722.28 
1382.72 
2009.21 
1842.01 
534.74  
1518.36 
1807.06 
1662.35 
609.16  
1930.05 
3064.32 
955.18  
1804.79 
1219.22 
781.62  
1865.31 
635.46  
5264.92 
2580.31 
538.29  
1071.37 
1418.77 
3317.52 
5379.40 
558.51  
856.57  
689.92  
2751.13 
656.44  
1795.24 
1114.38 
418.59  
5697.88 
2311.01 
2237.79 
8899.15 
812.90  
1055.87 
1172.44 
1818.19 
1358.64 
1245.15 
789.91  
949.81  
3984.55 
10984.30
2479.53 
3709.83 
1852.50 
1284.96 
595.96  
2023.31 
870.89  
819.09  
1333.86 
1400.63 
2232.86 
2486.89 
722.72  
2342.12 
1279.17 
1959.43 
1466.04 
356.63  
2226.17 
979.14  
750.94  
1729.65 
1708.39 
519.35  
3258.07 
1926.93 
3227.57 
1721.14 
1282.07 
3419.25 
7104.07 
1314.88 
1658.00 
537.19  
1701.61 
1480.67 
910.13  
1166.14 
4433.58 
2939.09 
1583.06 
5030.77 
3671.03 
2130.43 
2551.95 
5567.02 
606.26  
2474.90 
2443.05 
2842.62 
1717.93 
2725.33 
1996.95 
1833.38 
2402.91 
1450.94 
1914.23 
1198.66 
796.46  
1928.49 
1262.45 
2957.72 
953.55  
592.21  
2955.70 
2764.72 
647.23  
1335.58 
736.43  
1577.62 
3142.80 
1316.23 
2559.59 
577.70  
636.52  
2002.70 
1340.04 
979.96  
1959.63 
1336.49 
4772.37 
4058.38 
2553.57 
4084.39 
934.60  
1417.64 
1447.41 
938.82  
878.79  
802.82  
1237.90 
1045.37 
2855.13 
1015.17 
2068.59 
2442.49 
604.53  
3689.11 
548.31  
2150.47 
808.95  
610.22  
831.65  
1896.96 
442.52  
1162.88 
906.43  
1461.05 
4591.72 
1440.10 
2818.60 
741.33  
725.38  
2809.29 
1382.00 
2473.24 
2427.43 
4100.79 
2052.72 
698.77  
2178.33 
1608.97 
1677.93 
2434.12 
1493.17 
1847.42 
1298.20 
1555.19 
3354.43 
3905.18 
3645.90 
1646.77 
2962.54 
1303.61 
1958.62 
1093.58 
1199.12 
1144.21 
2381.03 
960.24  
1843.70 
1765.15 
1505.09 
1090.73 
3611.96 
1257.47 
1289.53 
3046.28 
915.18  
3862.10 
1361.46 
2028.98 
7279.11 
1414.01 
2772.31 
2418.77 
2169.85 
2093.75 
1280.23 
889.21  
409.34  
1032.43 
1717.04 
734.56  
3748.88 
1043.49 
645.45  
2970.25 
2153.63 
4298.52 
2706.39 
3490.47 
1857.62 
4871.36 
779.80  
3452.00 
1933.64 
1133.21 
1972.48 
3116.63 
2134.78 
3112.68 
482.24  
7640.80 
2047.68 
947.21  
4200.18 
1011.46 
2560.74 
349.94  
1868.28 
2961.65 
2353.56 
1337.63 
6520.73 
9512.52 
1294.59 
1742.77 
2227.67 
1628.84 
1924.28 
1035.70 
1395.04 
1870.33 
1072.49 
866.29  
2352.29 
3387.53 
1647.97 
5543.55 
827.19  
2171.18 
1276.21 
516.45  
570.11  
1199.70 
1159.62 
2943.97 
1846.72 
882.87  
835.91  
2044.61 
937.56  
1538.65 
1852.96 
7638.50 
2695.75 
3312.13 
797.53  
2017.40 
1714.87 
845.36  
1441.58 
1307.47 
3273.08 
2844.23 
2303.85 
1265.63 
898.88  
1756.18 
2071.05 
3858.42 
1704.86 
1446.52 
2750.80 
1530.27 
1228.33 
2323.11 
490.59  
1011.67 
1026.61 
4291.19 
817.86  
1810.65 
1451.65 
1632.18 
3472.57 
1968.96 
1104.49 
1907.23 
1820.55 
1441.19 
9729.85 
3938.89 
2216.15 
1749.40 
1323.14 
2024.80 
1467.47 
2712.59 
953.63  
5351.70 
2203.47 
672.54  
1277.19 
1843.93 
2106.56 
2543.19 
3394.87 
1162.98 
1306.22 
3342.09 
1601.34 
1490.84 
1506.92 
825.55  
3477.54 
2680.13 
885.67  
3842.16 
1039.72 
1435.01 
1785.00 
924.01  
2445.42 
2906.87 
3117.82 
2643.51 
3658.10 
7043.57 
1498.54 
1855.71 
1413.06 
1589.53 
8836.40 
1354.40 
482.62  
1930.34 
1189.98 
1810.81 
2716.77 
904.93  
1461.12 
2418.31 
1501.03 
2797.26 
2469.97 
752.93  
585.38  
2273.06 
880.47  
4017.18 
2927.03 
1588.13 
1761.59 
748.02  
204.56  
762.72  
614.65  
577.31  
1949.84 
1042.52 
2022.23 
890.61  
879.66  
308.80  
366.12  
4549.65 
1684.15 
1538.18 
1136.21 
2230.80 
1997.52 
2465.22 
1530.01 
2333.44 
2359.79 
2113.09 
3820.73 
1586.81 
1087.90 
1503.93 
2252.14 
3073.13 
2699.40 
2790.81 
1381.46 
6368.36 
2833.53 
2262.61 
2409.62 
1257.40 
738.71  
2360.71 
1316.88 
5614.97 
859.00  
1412.34 
2231.32 
1274.69 
1453.45 
867.66  
3820.32 
1353.07 
770.21  
872.98  
1187.46 
1336.32 
531.45  
5763.37 
1480.45 
2163.78 
1007.14 
1213.82 
1209.03 
1188.92 
1228.88 
6101.23 
551.62  
3707.68 
1462.69 
1335.92 
3974.96 
1533.27 
3415.71 
1317.70 
607.01  
837.88  
875.00  
2441.65 
5259.57 
1174.03 
878.82  
2197.66 
600.15  
1218.36 
1696.84 
749.75  
1393.87 
1132.70 
2136.36 
776.52  
4048.45 
1135.54 
2163.01 
1331.75 
1630.81 
3141.18 
3628.95 
1508.42 
743.19  
1286.85 
1692.57 
986.34  
4048.40 
7403.77 
1411.60 
3605.58 
848.52  
3834.52 
646.88  
2655.36 
1296.08 
2870.41 
1136.61 
1234.82 
1221.35 
1133.09 
1237.19 
2158.00 
922.03  
2036.08 
2265.24 
1728.04 
922.73  
4004.82 
2704.46 
2467.50 
1546.43 
718.57  
1268.56 
2359.99 
2740.65 
2051.27 
1381.68 
1251.91 
1353.72 
2199.56 
2389.14 
1816.98 
1229.04 
1127.90 
3621.61 
1713.96 
518.00  
566.08  
1501.71 
4358.22 
1784.66 
2677.67 
802.94  
534.49  
644.54  
333.86  
1955.87 
5388.92 
780.86  
3896.58 
1524.43 
2976.58 
2918.57 
2439.27 
284.53  
695.20  
795.25  
2500.00 
957.63  
1272.04 
1470.84 
971.32  
3573.30 
834.41  
1545.40 
2961.24 
3559.20 
1413.27 
3615.45 
1392.15 
1396.39 
4154.51 
1301.06 
3032.88 
8026.41 
4679.79 
933.93  
763.35  
1764.42 
495.35  
3398.46 
2399.48 
1444.13 
1821.05 
322.36  
1604.94 
2423.85 
1115.22 
844.75  
2354.92 
3785.78 
7485.81 
1667.91 
2334.34 
14512.94
9548.95 
2384.14 
1404.52 
4126.01 
519.14  
2226.34 
2391.26 
2316.06 
1805.54 
3034.36 
1041.88 
2512.39 
796.61  
1284.46 
1946.03 
1353.43 
2514.01 
2721.91 
7903.00 
4314.62 
1708.12 
1595.45 
1153.29 
994.80  
983.24  
1352.18 
4619.95 
1097.53 
1647.64 
6561.83 
4477.38 
771.93  
4649.85 
2185.21 
2272.67 
2638.77 
1375.79 
2284.36 
2641.42 
2077.97 
2439.97 
618.59  
585.92  
3445.72 
1913.98 
2488.39 
3823.54 
932.98  
1655.51 
546.15  
2295.61 
1869.18 
1238.80 
1203.43 
3130.98 
1924.95 
2723.94 
4062.10 
821.96  
4925.82 
2580.88 
1541.71 
2734.68 
896.12  
1334.43 
1156.87 
3347.15 
822.32  
1869.99 
1369.33 
4380.82 
1948.60 
1171.13 
1894.17 
1201.56 
2758.54 
1852.01 
3256.71 
590.77  
741.65  
1984.79 
2328.92 
1506.06 
2718.28 
3236.22 
858.12  
1260.76 
1397.26 
757.65  
2246.41 
880.45  
1233.34 
798.67  
1165.78 
1904.09 
1544.27 
4153.88 
1535.69 
1508.12 
2663.13 
393.75  
1994.27 
1726.49 
3200.34 
522.50  
1701.84 
1449.85 
2961.79 
1822.88 
1203.71 
875.03  
2649.72 
1498.80 
1836.85 
2590.85 
2745.73 
2377.29 
2405.73 
2682.65 
2651.95 
560.61  
1081.92 
1512.48 
1196.93 
2262.04 
574.10  
1389.30 
775.94  
1064.14 
3316.82 
767.18  
1089.83 
660.94  
4462.96 
1061.27 
803.97  
4069.17 
687.52  
541.14  
1568.41 
1096.90 
1778.47 
2711.02 
2438.14 
5887.00 
965.81  
1196.75 
2810.72 
917.47  
1861.52 
5588.00 
3428.92 
3084.25 
1856.37 
1876.61 
4570.92 
3578.09 
1403.09 
2374.39 
1302.95 
1336.60 
1394.34 
3116.39 
1749.71 
3709.99 
859.05  
1567.12 
2739.73 
3088.66 
2321.10 
1699.39 
2424.98 
3080.92 
828.62  
510.91  
1481.05 
1419.33 
2439.82 
1666.78 
1052.21 
7111.42 
912.41  
5312.07 
814.05  
1392.81 
3389.68 
1268.93 
1732.86 
1545.66 
1270.73 
1232.20 
2880.17 
1032.99 
1101.13 
1689.70 
1600.81 
2826.30 
2289.96 
1299.53 
1078.29 
3296.40 
5465.08 
4528.43 
3542.01 
1102.21 
1860.35 
2500.79 
531.76  
4725.48 
2018.71 
4322.96 
5997.38 
1704.63 
2363.76 
2012.53 
3337.31 
4097.87 
2911.27 
3890.23 
3361.32 
1277.67 
428.43  
1831.71 
4171.62 
298.10  
2831.72 
2323.25 
1879.12 
1833.18 
1706.98 
4086.62 
5548.78 
3191.94 
1338.48 
2164.42 
3236.11 
601.62  
2130.09 
2530.11 
2122.84 
2632.55 
1170.97 
1739.91 
1772.30 
701.73  
1341.64 
3945.87 
1277.13 
2731.03 
1073.56 
682.65  
2313.61 
1775.05 
762.74  
3506.85 
1854.35 
2618.64 
1292.05 
2265.52 
700.17  
1554.56 
1920.27 
2740.21 
4936.47 
2437.55 
838.62  
1060.75 
2283.57 
1585.30 
898.82  
932.05  
1215.02 
1241.72 
2331.58 
3647.41 
1574.73 
2493.36 
1119.00 
4091.37 
1174.37 
3188.16 
1667.16 
4101.98 
2817.47 
1958.99 
3445.91 
3798.05 
3604.93 
913.52  
271.72  
1484.85 
1788.38 
2416.43 
1548.98 
1030.44 
4381.00 
1201.93 
6957.33 
4501.54 
1973.50 
921.90  
2234.63 
271.47  
1041.22 
4742.48 
4367.78 
1569.51 
915.82  
3151.20 
762.86  
3604.15 
1424.95 
7069.76 
768.71  
1346.98 
1314.66 
1261.09 
1518.42 
1710.83 
982.67  
3524.25 
2028.44 
1635.04 
3799.53 
903.36  
837.28  
1888.77 
955.96  
761.91  
998.38  
2471.38 
693.06  
1457.00 
1563.79 
1050.84 
4045.66 
1584.91 
1862.29 
2807.32 
1764.12 
738.98  
8339.01 
496.07  
2014.56 
6149.22 
859.06  
4037.33 
1079.23 
1691.71 
489.35  
1325.10 
1245.68 
5598.95 
974.23  
784.79  
2672.42 
1147.37 
1819.99 
2215.37 
3382.09 
771.88  
1339.65 
1805.58 
1518.11 
4236.26 
1193.00 
1365.70 
3035.94 
1693.12 
3391.56 
1530.93 
1672.39 
5906.55 
2237.60 
2116.20 
2447.55 
2926.29 
1512.77 
1013.23 
1096.43 
1801.99 
1142.60 
594.22  
2387.79 
561.48  
1028.07 
527.86  
1206.73 
1308.12 
2209.09 
1777.91 
1735.12 
2887.19 
2844.18 
2769.39 
2179.64 
683.70  
1558.14 
602.43  
4193.85 
1887.51 
1622.88 
969.69  
1412.42 
4163.52 
2244.72 
2174.98 
1393.15 
1793.56 
1083.18 
3599.88 
1650.01 
1464.62 
1624.36 
1665.44 
2646.66 
3997.85 
723.44  
4153.58 
4341.47 
842.60  
1026.08 
1400.32 
4530.15 
4653.43 
3268.57 
1549.59 
3104.36 
2129.76 
2596.93 
2528.88 
1797.07 
6001.70 
2211.78 
2066.26 
3643.00 
1218.98 
6198.65 
5504.66 
1104.26 
3105.38 
1017.98 
8409.05 
1230.80 
757.07  
895.38  
3481.20 
2158.95 
1458.40 
1295.03 
692.88  
1122.93 
2583.46 
3406.30 
1057.24 
549.46  
3679.24 
1878.96 
2401.62 
1150.05 
225.52  
1125.01 
2347.41 
932.89  
408.21  
855.06  
866.52  
3622.84 
1781.85 
1466.88 
843.78  
3168.22 
1158.38 
885.78  
1952.75 
1963.04 
1972.49 
2610.62 
1283.45 
1031.10 
1301.66 
728.29  
1164.45 
291.29  
918.84  
1359.73 
2209.52 
3549.02 
2736.05 
3268.23 
6260.05 
6899.22 
604.82  
509.73  
1668.16 
2762.82 
2736.71 
1821.38 
746.47  
1512.90 
1162.80 
2670.12 
2857.28 
3332.42 
2577.60 
5128.94 
3223.62 
932.03  
1451.86 
3339.02 
1859.81 
1147.01 
2015.62 
2094.81 
1668.50 
638.35  
776.58  
960.95  
1560.16 
3010.55 
2553.08 
2348.86 
872.39  
3211.18 
3325.37 
2321.13 
303.23  
1827.67 
2055.87 
589.28  
1848.29 
1140.47 
783.10  
469.43  
2040.29 
2530.35 
424.15  
1023.68 
1289.96 
3193.98 
9903.92 
1214.90 
4709.65 
1129.34 
2429.22 
1530.34 
935.78  
1724.00 
2009.44 
1219.60 
3095.99 
2158.77 
961.60  
3023.54 
2512.17 
2314.36 
4278.58 
2342.71 
7137.11 
1402.95 
2566.87 
1477.93 
1174.21 
861.08  
1605.25 
800.13  
1947.15 
1948.06 
2340.24 
2528.15 
1465.56 
2084.70 
670.53  
4330.75 
1283.79 
1501.02 
2747.78 
2971.84 
2189.43 
4450.20 
1416.58 
2068.63 
561.38  
1980.78 
1664.07 
3140.85 
2313.40 
740.77  
5509.25 
3118.61 
2493.21 
733.96  
2130.86 
701.51  
2560.68 
2021.31 
1736.91 
2097.11 
1729.11 
620.96  
1225.06 
1189.21 
1842.96 
1058.73 
403.50  
1798.12 
1104.33 
1743.93 
912.66  
2736.02 
1295.39 
3473.41 
1852.49 
1387.54 
2411.17 
992.81  
4575.93 
3390.76 
12969.50
1344.93 
3311.12 
3479.06 
3841.32 
2998.72 
2959.49 
3163.04 
771.29  
1415.58 
589.01  
1902.55 
1689.50 
2272.75 
1435.23 
468.80  
1411.14 
1430.86 
1682.80 
2507.94 
6073.65 
2494.41 
1936.72 
2484.33 
1794.41 
1172.17 
3944.86 
1232.60 
1406.69 
1030.68 
1558.58 
1043.75 
2239.87 
3547.40 
891.32  
1406.55 
1708.33 
2991.86 
2975.54 
803.52  
12769.89
823.07  
2211.23 
2034.88 
1753.97 
1993.19 
533.44  
2415.94 
1041.56 
6299.07 
1871.75 
2382.81 
3725.60 
1726.41 
2657.72 
3026.16 
6188.06 
3706.84 
4738.43 
702.59  
839.73  
2154.90 
547.66  
1439.85 
3006.25 
3782.99 
950.95  
650.22  
2722.38 
6133.65 
901.41  
2221.16 
590.54  
1220.63 
1308.23 
535.41  
1868.28 
257.31  
1157.31 
1664.05 
1502.07 
1709.38 
2478.59 
4783.41 
671.28  
2719.31 
902.49  
1092.64 
3139.20 
2557.40 
3227.58 
833.27  
1274.50 
3091.15 
1785.55 
1103.22 
3243.33 
2623.06 
7492.37 
1109.06 
1198.74 
1486.49 
573.86  
750.01  
1419.96 
3987.49 
673.06  
3024.86 
884.10  
800.03  
1495.27 
287.27  
4177.03 
2355.50 
7255.75 
1623.56 
829.59  
903.22  
1649.22 
1962.90 
4134.21 
1699.95 
1195.46 
429.76  
2175.53 
8474.53 
1602.62 
2399.98 
2311.68 
7806.74 
3089.63 
1238.27 
2457.60 
1924.49 
2267.20 
2509.27 
1289.26 
1539.95 
1757.47 
1865.27 
4571.60 
812.21  
1349.30 
2624.69 
834.10  
2325.52 
2442.88 
1511.79 
344.88  
2104.41 
2008.25 
2097.11 
2778.17 
1798.53 
1865.57 
2373.88 
1696.79 
3254.93 
681.02  
3013.02 
1877.39 
5791.66 
568.41  
2025.37 
5157.45 
1150.42 
1164.41 
1110.69 
1461.25 
1556.03 
1198.26 
1694.10 
1134.68 
1808.30 
1960.54 
2928.13 
1887.29 
380.86  
1211.99 
1253.52 
1994.03 
832.72  
1541.85 
1639.31 
3842.97 
2010.87 
1913.09 
1946.92 
3278.36 
1371.68 
2241.35 
2180.75 
1001.78 
1768.38 
3684.95 
590.75  
1155.47 
779.21  
1061.37 
2964.06 
2424.77 
1249.27 
2943.20 
811.52  
2957.72 
256.85  
2559.80 
4698.71 
1159.50 
1645.11 
2270.11 
2178.84 
1402.19 
2009.87 
2914.44 
3142.68 
1313.35 
2242.85 
1247.35 
1936.09 
911.93  
838.11  
3664.11 
4670.81 
4447.26 
638.63  
663.14  
872.30  
2118.15 
1538.03 
2885.16 
3179.27 
880.00  
9722.32 
3974.65 
1839.48 
1376.51 
377.35  
3093.83 
2391.52 
3084.46 
3063.76 
3023.53 
1935.11 
503.23  
1398.37 
629.40  
686.23  
1558.83 
3226.36 
917.18  
932.36  
845.33  
1203.98 
1248.79 
1270.10 
799.49  
597.12  
2943.22 
630.17  
943.04  
1695.44 
2067.49 
2820.38 
1152.80 
1409.08 
4708.85 
1749.29 
2513.42 
1704.76 
979.62  
896.89  
1443.82 
545.32  
1081.61 
1098.33 
501.51  
2890.97 
827.69  
1974.59 
4966.99 
1202.33 
5542.56 
2018.11 
2749.32 
1391.72 
2162.51 
406.18  
4109.45 
1541.13 
13635.85
912.51  
785.25  
1184.02 
1353.46 
1359.86 
796.79  
2001.56 
3999.63 
3009.65 
1229.87 
1314.80 
1493.85 
2207.17 
2401.61 
2815.40 
1140.83 
2694.20 
1566.01 
1640.13 
2867.78 
2634.07 
2106.68 
1071.19 
3861.07 
1121.32 
1691.79 
468.28  
2037.78 
2892.09 
6195.19 
910.99  
2474.32 
1820.35 
2199.61 
1204.47 
2390.95 
3219.63 
3464.83 
3102.92 
3703.44 
2772.16 
2278.96 
1510.53 
2353.86 
2275.00 
4095.14 
1212.86 
1518.55 
1637.75 
923.99  
667.46  
3143.12 
1636.55 
749.11  
3247.96 
4922.53 
1160.32 
1618.38 
571.40  
3808.35 
1520.20 
2592.11 
1047.69 
1747.37 
1197.79 
1355.75 
2464.45 
4431.83 
1030.80 
697.62  
1915.91 
1654.12 
1940.49 
1015.84 
2511.25 
1439.25 
1721.45 
854.71  
2142.98 
586.93  
908.26  
3855.84 
2837.00 
510.94  
1479.14 
773.42  
753.07  
4832.61 
1852.65 
1250.98 
1391.23 
2057.93 
870.47  
1325.77 
1239.31 
1145.97 
1294.19 
452.08  
1358.59 
1610.53 
1150.93 
1005.78 
999.08  
5227.56 
1233.02 
2310.56 
1040.89 
8798.63 
4985.30 
1365.90 
1822.91 
684.08  
1606.72 
1287.32 
3505.43 
1899.08 
785.75  
2107.55 
1463.06 
1389.78 
2326.07 
881.18  
2874.12 
2152.11 
1439.48 
2864.53 
494.40  
1321.61 
1787.84 
1054.74 
1686.36 
601.91  
2986.19 
5236.06 
3542.83 
1529.06 
1336.68 
297.14  
2940.26 
1841.71 
1522.75 
2306.29 
1276.06 
825.46  
2741.22 
3359.69 
3156.45 
1771.94 
3059.30 
670.67  
2091.39 
2105.58 
372.35  
657.37  
5245.72 
4818.59 
1510.61 
2238.81 
9377.91 
1131.33 
1236.39 
640.84  
1166.22 
8444.27 
1501.12 
2246.96 
2138.67 
1937.59 
587.86  
2102.22 
3793.56 
1577.35 
4734.40 
698.00  
1133.88 
817.68  
1046.11 
3674.85 
1339.18 
2189.50 
825.20  
1683.52 
2768.70 
1491.89 
2990.69 
2147.04 
721.04  
1235.77 
3358.10 
2954.76 
1552.43 
1501.76 
1023.15 
1314.02 
2074.45 
2717.42 
1944.04 
843.31  
1252.69 
836.18  
607.81  
2461.42 
1846.55 
3490.43 
965.75  
1561.80 
2432.67 
670.13  
2688.07 
7955.87 
1653.95 
1076.65 
1411.12 
2011.38 
534.19  
667.56  
1699.55 
3528.44 
3513.05 
2826.88 
704.62  
2946.00 
808.17  
946.52  
1226.76 
2428.62 
3535.42 
1012.69 
1721.74 
1047.55 
1986.62 
1643.31 
2174.04 
1951.63 
2668.07 
1559.34 
658.78  
562.31  
954.28  
1629.18 
3612.53 
1390.99 
1331.36 
880.94  
896.72  
1545.99 
3595.87 
3393.59 
2197.14 
3161.59 
1318.16 
1999.60 
6158.41 
3953.57 
607.90  
2144.30 
1006.52 
1159.35 
1644.77 
835.40  
1469.45 
1263.44 
5640.37 
1356.08 
3187.78 
4578.78 
1829.75 
1815.96 
3051.11 
2461.30 
3009.84 
1531.80 
1044.69 
1260.07 
3677.80 
1423.35 
788.78  
1682.71 
1703.02 
978.96  
1217.84 
1839.90 
1094.65 
2466.19 
1171.76 
5183.17 
1759.07 
2638.64 
3635.36 
1081.39 
4246.12 
2375.95 
2749.39 
4130.10 
2562.22 
845.13  
528.71  
2110.33 
696.05  
1765.53 
5231.91 
1903.33 
2797.50 
782.36  
1995.65 
2897.80 
1846.07 
3351.94 
986.00  
2823.56 
1390.41 
2635.15 
2406.22 
2166.77 
740.45  
215.18  
2301.41 
2066.28 
735.02  
2329.92 
1235.39 
1513.36 
4995.93 
1037.57 
1069.83 
1899.86 
1284.19 
1761.73 
1481.94 
2357.15 
4461.83 
2887.48 
1293.51 
521.08  
1901.43 
3369.09 
374.68  
1344.16 
1340.85 
1414.66 
2875.14 
3181.85 
704.19  
2185.34 
1286.23 
978.43  
1122.06 
6114.49 
4718.21 
5941.90 
1261.56 
1280.26 
720.62  
5025.52 
1765.37 
2122.19 
1309.22 
2457.00 
1465.56 
1292.58 
2537.13 
1965.70 
2257.46 
2941.71 
1141.73 
2593.04 
2826.01 
1672.02 
3069.46 
1828.39 
1097.69 
2484.07 
2182.67 
3380.72 
1335.98 
1810.94 
638.78  
5734.62 
2912.36 
1574.15 
1701.94 
1293.05 
1856.83 
1235.65 
1358.79 
960.01  
2460.45 
3399.44 
2809.86 
1372.85 
2042.67 
1045.15 
1793.04 
722.72  
1094.52 
586.46  
2979.23 
2452.21 
2527.09 
2475.73 
788.06  
1086.27 
1379.21 
4343.58 
1105.42 
1349.12 
2294.62 
2128.39 
1524.42 
1607.90 
539.84  
508.85  
1432.63 
2190.34 
2560.65 
1870.37 
1781.11 
542.77  
4109.07 
1398.59 
1397.55 
1469.44 
3099.87 
2448.52 
1597.58 
995.64  
2837.76 
2317.55 
1813.79 
2702.97 
1076.67 
1657.10 
1618.15 
1877.88 
2284.73 
718.62  
1161.14 
1478.29 
4516.48 
3355.22 
2748.23 
4573.34 
2455.85 
2938.52 
2967.40 
746.90  
3812.47 
2142.26 
2129.34 
4008.29 
952.89  
1349.00 
1118.69 
5491.65 
3636.74 
3439.18 
628.22  
1817.89 
4699.14 
4770.04 
917.43  
1506.27 
3224.89 
3013.42 
1938.84 
2160.93 
1227.43 
1653.73 
3651.90 
2795.15 
1860.20 
4310.41 
5804.26 
3309.76 
1876.52 
1707.39 
1433.69 
2177.00 
615.59  
2510.51 
1625.87 
2734.70 
1308.10 
4163.18 
3241.47 
1164.22 
920.50  
4429.96 
2099.31 
710.97  
642.48  
1153.83 
893.74  
1900.50 
2266.94 
3339.69 
2059.66 
575.12  
912.71  
942.00  
653.93  
1250.36 
2201.93 
1319.35 
766.51  
1212.94 
1235.91 
4126.93 
3965.87 
2018.42 
1060.95 
1024.10 
3277.98 
1736.72 
1876.48 
3065.38 
1754.46 
4525.15 
1161.42 
1889.00 
942.15  
2369.90 
3515.83 
3443.61 
1738.29 
6951.30 
1427.83 
18380.62
5761.52 
1075.80 
2554.42 
1158.79 
6055.43 
2403.51 
642.19  
3065.04 
2162.66 
2935.02 
1736.80 
1176.30 
4536.92 
1249.15 
2299.67 
1894.04 
746.79  
734.67  
2104.26 
1280.41 
1370.50 
619.48  
1258.98 
1305.73 
2242.80 
2269.08 
1305.46 
911.95  
2168.97 
519.02  
752.93  
1172.39 
3444.22 
995.13  
2638.74 
1379.86 
2030.57 
4101.50 
3358.37 
1231.86 
1009.23 
1110.81 
1677.22 
476.36  
1956.12 
1827.62 
6310.37 
3483.53 
1357.82 
2083.89 
2759.22 
1309.41 
4931.44 
2427.57 
1641.41 
933.98  
4020.89 
323.62  
11650.49
2577.60 
1526.75 
2236.91 
866.68  
3549.24 
1268.77 
2306.52 
622.19  
528.66  
1426.71 
758.04  
8949.95 
2614.53 
1452.48 
782.37  
1010.23 
2018.08 
1809.24 
1765.13 
854.40  
2169.24 
2748.76 
613.43  
3195.82 
617.54  
2122.94 
1240.46 
1541.45 
5268.29 
1986.37 
1275.81 
2467.50 
3534.58 
4354.79 
2631.77 
1833.53 
695.35  
1358.16 
1146.33 
1545.19 
6079.61 
883.12  
1137.03 
1076.90 
1483.36 
3392.00 
944.03  
3625.82 
1347.21 
1819.27 
2511.15 
1502.05 
271.90  
2873.77 
1084.20 
351.35  
2219.53 
565.05  
2180.58 
989.13  
1122.59 
1496.28 
4062.98 
1525.40 
640.43  
1293.93 
845.32  
1882.41 
1303.67 
400.91  
504.50  
831.46  
1028.60 
4346.46 
1177.61 
1200.26 
1497.64 
1512.50 
2768.21 
1584.39 
2174.76 
1718.72 
2033.64 
1174.89 
5103.37 
2021.00 
352.44  
1196.69 
1316.44 
2279.88 
4960.58 
712.58  
2127.08 
881.33  
816.16  
2345.56 
713.37  
1814.23 
1951.06 
926.19  
2021.04 
925.67  
1120.55 
982.70  
1133.29 
627.35  
3149.78 
2658.68 
2302.61 
2523.51 
1836.69 
986.13  
2277.37 
5265.61 
1352.04 
476.50  
1596.16 
2715.85 
1342.20 
1417.27 
3052.72 
4422.57 
4538.29 
3450.36 
2237.28 
3534.82 
523.31  
1900.02 
691.72  
1293.82 
1374.49 
6024.69 
1583.61 
1920.48 
1025.00 
1497.75 
1932.08 
1343.26 
493.00  
2904.97 
282.19  
1475.77 
2114.61 
1664.81 
3048.66 
2944.41 
1169.02 
3094.32 
3486.26 
2388.97 
1273.93 
1195.36 
1481.19 
4714.61 
8027.54 
745.64  
1072.21 
1447.84 
1293.02 
764.27  
1093.47 
1695.77 
1920.40 
1541.92 
1126.64 
4890.42 
2250.77 
2585.50 
5637.70 
1864.23 
1381.86 
584.77  
1062.14 
918.64  
3808.52 
3263.84 
2527.35 
1352.80 
2624.40 
1677.99 
827.60  
1528.17 
2621.38 
2334.85 
1091.64 
1198.76 
3510.88 
5562.47 
2461.54 
3882.27 
3973.01 
2815.49 
268.16  
2232.87 
912.56  
986.15  
3118.10 
5438.80 
7059.06 
1388.18 
625.00  
807.25  
1963.16 
1122.13 
1363.14 
2003.76 
2172.04 
4902.42 
1457.55 
1418.99 
1179.87 
1721.76 
799.92  
2388.88 
4737.40 
1546.15 
3014.43 
927.12  
2313.33 
4316.01 
463.45  
2514.21 
2314.57 
1617.17 
2471.50 
3082.37 
1238.57 
3932.25 
878.78  
922.69  
631.64  
2525.72 
1239.25 
4807.33 
739.61  
1217.66 
356.23  
775.23  
3479.31 
953.77  
2967.68 
1674.49 
3251.24 
1001.82 
1194.27 
1437.05 
2589.65 
1621.98 
5221.22 
434.69  
2082.06 
855.27  
554.87  
2494.72 
704.81  
1763.97 
3319.68 
1175.11 
2750.38 
4322.58 
2153.87 
2395.84 
982.69  
749.15  
2790.11 
1876.79 
1459.22 
1825.40 
3897.74 
598.91  
2133.54 
2396.59 
1569.64 
3479.21 
1410.54 
473.96  
1597.23 
1317.26 
1388.49 
753.94  
2805.45 
1040.11 
2549.19 
1947.51 
3059.81 
8782.11 
608.36  
685.00  
5523.81 
1012.42 
616.63  
1978.93 
8528.96 
1955.06 
334.65  
1972.86 
2960.37 
2934.22 
2071.16 
1907.25 
2413.57 
861.09  
1935.17 
2373.28 
1737.84 
1170.71 
800.93  
2997.94 
3109.22 
2346.78 
2353.84 
3047.14 
440.93  
1395.62 
3132.99 
832.04  
728.59  
3534.68 
1633.61 
1102.70 
1073.66 
941.86  
521.23  
1622.75 
952.98  
796.69  
648.57  
4039.21 
4978.24 
823.04  
1360.16 
1467.64 
2143.01 
1363.42 
1388.87 
567.71  
1626.06 
1653.18 
2984.61 
2216.44 
1755.52 
1451.45 
2629.89 
1465.66 
3842.65 
1013.43 
1891.62 
465.06  
2082.71 
1922.84 
449.41  
3162.07 
2246.32 
821.53  
1045.73 
1050.75 
2440.24 
859.00  
1215.22 
841.08  
1465.85 
1692.15 
3626.94 
2586.24 
3142.07 
2943.19 
1214.10 
1018.18 
712.54  
5828.68 
3126.64 
12770.04
1890.73 
1294.38 
1111.20 
1743.59 
1514.18 
2178.71 
1588.90 
2437.00 
982.60  
797.85  
3554.48 
2008.63 
1929.40 
1528.21 
3937.71 
1731.56 
2024.84 
1513.31 
3859.15 
2447.36 
478.16  
1484.35 
3358.39 
1237.91 
3124.56 
2949.84 
577.94  
730.40  
1212.47 
2190.10 
637.92  
3057.30 
633.01  
1946.22 
3256.40 
984.18  
2125.06 
3209.59 
568.20  
710.72  
2142.40 
1079.72 
1766.29 
383.73  
3184.95 
387.22  
2525.99 
3204.18 
2512.66 
1805.84 
1494.11 
884.18  
3222.43 
3133.11 
4253.88 
1770.08 
1264.56 
3355.22 
755.48  
1003.99 
3124.57 
2356.86 
1189.86 
951.67  
3456.40 
3298.81 
2004.26 
2403.17 
3545.15 
1239.02 
2899.94 
1818.24 
849.33  
1359.20 
2684.73 
2096.68 
1853.27 
1529.54 
606.04  
2110.35 
2635.62 
2349.17 
1030.93 
2231.88 
2195.42 
1271.48 
1476.36 
1786.60 
1650.00 
1395.06 
1423.21 
2229.85 
877.43  
2979.63 
1350.42 
417.98  
2945.75 
4650.81 
1334.35 
2353.89 
1363.61 
3577.08 
869.84  
2186.60 
5725.03 
3177.25 
5362.48 
752.67  
833.64  
2942.37 
2330.55 
2696.78 
882.26  
777.49  
6363.83 
1139.55 
1403.32 
1986.26 
619.33  
1985.57 
1907.53 
1377.44 
2365.52 
4041.91 
1703.50 
1330.37 
7776.92 
599.88  
1635.44 
2219.42 
2039.04 
1687.42 
4923.79 
1196.50 
2637.86 
1576.47 
981.90  
2028.49 
689.46  
745.24  
2288.34 
2131.87 
3174.63 
856.39  
346.53  
1466.17 
4965.61 
4745.74 
2310.10 
2555.51 
2252.63 
2183.88 
1452.24 
725.12  
1070.80 
1653.85 
3817.29 
843.74  
1712.31 
1609.96 
2265.99 
1929.42 
1258.27 
1025.55 
2072.05 
2781.56 
496.14  
1983.72 
2639.09 
3691.20 
1956.65 
695.52  
1132.91 
1163.54 
1660.14 
1019.67 
2487.05 
1001.22 
2131.38 
2079.03 
3276.58 
4125.48 
954.22  
3378.19 
876.56  
545.73  
9184.42 
905.24  
615.46  
4323.05 
1256.63 
903.58  
1099.45 
10794.25
4340.41 
1338.45 
2560.70 
936.44  
1682.54 
1728.77 
1086.45 
2408.97 
2208.56 
981.37  
2608.17 
779.64  
4672.00 
2580.43 
3112.61 
2167.00 
817.21  
2032.24 
3431.85 
3822.51 
3365.02 
1516.10 
4838.95 
1235.90 
1896.88 
2226.16 
1020.99 
1028.38 
2626.55 
4572.30 
1248.87 
604.57  
2789.92 
951.10  
1134.98 
1146.21 
804.34  
4486.77 
1111.21 
1436.98 
2138.71 
1714.50 
2945.98 
2078.68 
2892.99 
909.05  
4788.56 
1000.93 
5435.93 
965.21  
1341.28 
974.01  
905.19  
1772.49 
922.87  
704.72  
2730.83 
1859.89 
1038.10 
2156.59 
2631.88 
2321.37 
971.75  
526.89  
2997.26 
3735.03 
1069.59 
2369.98 
1739.62 
1178.70 
1392.33 
4002.21 
3534.50 
1926.17 
1141.32 
1095.59 
1679.34 
2031.37 
1193.22 
1863.50 
2826.93 
3833.96 
1814.64 
735.80  
7929.14 
2354.42 
562.43  
758.98  
4816.87 
1441.34 
2272.17 
1822.10 
3304.56 
935.70  
2418.04 
1583.18 
3591.83 
2411.61 
1775.50 
2555.31 
919.11  
949.21  
2392.04 
3115.01 
1059.48 
2146.74 
2685.24 
4345.35 
329.57  
970.46  
789.46  
1998.78 
1426.77 
2367.26 
2694.02 
1512.40 
2147.13 
1733.41 
8716.62 
1451.77 
1387.54 
1708.32 
2807.97 
5620.18 
1111.55 
903.77  
1203.05 
1221.31 
822.54  
2617.00 
2791.98 
1877.80 
1602.17 
2453.55 
1352.26 
2509.77 
1176.81 
2915.51 
1374.83 
894.02  
1498.14 
2188.81 
10506.10
2043.51 
843.85  
3772.50 
1602.81 
900.84  
4892.88 
1124.21 
1235.66 
706.77  
1121.00 
4042.05 
856.64  
2266.88 
1380.07 
3843.11 
1404.50 
6754.74 
2780.17 
4733.72 
1014.75 
837.60  
2449.80 
496.30  
1860.98 
2621.64 
1537.13 
1117.30 
649.23  
6571.15 
576.42  
2348.06 
324.56  
791.53  
1535.97 
1986.65 
2071.22 
1980.99 
1136.02 
1150.09 
5324.76 
863.39  
2278.41 
2805.61 
2006.77 
1959.67 
1092.99 
3214.59 
615.03  
902.98  
763.12  
2031.48 
2656.72 
1205.57 
2949.63 
1888.03 
3642.27 
1898.68 
3258.07 
3720.43 
903.94  
1156.59 
2343.82 
806.30  
2171.66 
1092.22 
1738.76 
1755.38 
3694.64 
6472.28 
2136.83 
1348.15 
1523.03 
2159.15 
1555.72 
1307.02 
2852.66 
1195.68 
2080.12 
1453.42 
410.24  
1363.66 
3097.42 
2064.21 
3739.20 
2834.61 
2816.23 
2559.50 
2448.74 
1650.97 
2271.29 
316.47  
1546.80 
1308.40 
520.26  
923.60  
2121.56 
821.37  
740.99  
1449.61 
739.77  
1570.62 
4636.68 
3011.02 
939.92  
2294.05 
4552.25 
1453.08 
1188.85 
1606.63 
2991.39 
1147.79 
2043.00 
825.50  
1111.36 
7170.99 
1733.27 
1164.41 
2365.77 
2137.91 
2338.04 
3193.98 
1074.32 
973.84  
1515.55 
1422.19 
2388.41 
692.47  
3842.68 
1514.24 
1214.67 
2168.46 
1868.36 
550.52  
774.60  
1750.57 
2673.28 
9983.24 
7501.59 
1379.27 
1798.45 
3702.85 
1823.15 
958.70  
1267.86 
396.50  
1766.21 
3216.66 
1649.26 
819.81  
1253.05 
2601.57 
1206.06 
1901.12 
728.87  
833.81  
711.96  
919.86  
3487.18 
1893.87 
5418.70 
1040.01 
898.94  
1495.47 
4585.34 
3597.40 
5131.93 
1579.35 
2658.34 
1361.08 
2572.41 
2029.83 
2810.16 
1485.56 
1257.48 
1965.82 
1584.41 
1790.42 
3715.33 
1977.41 
1798.87 
8823.33 
686.20  
6865.04 
1978.13 
2065.46 
1035.88 
2722.69 
2449.98 
1681.42 
602.59  
1911.22 
6620.40 
2004.44 
1319.33 
968.89  
2203.46 
1915.66 
1860.54 
1350.56 
1106.99 
1159.96 
1318.66 
3608.82 
2950.09 
540.91  
1155.16 
2166.76 
2859.11 
1728.78 
624.02  
1500.82 
1140.30 
5110.71 
1310.52 
1235.38 
1226.85 
419.48  
1447.74 
791.28  
2126.37 
2180.70 
3711.44 
1702.68 
2438.51 
2927.23 
907.21  
1343.58 
2000.40 
3334.15 
2906.67 
4388.24 
1776.11 
4030.75 
1260.61 
4121.53 
1844.10 
1715.72 
857.81  
1073.07 
615.61  
1766.07 
1909.93 
2081.46 
940.34  
1694.22 
833.32  
1926.63 
3862.34 
1078.16 
2655.17 
1007.86 
2041.41 
867.76  
2867.15 
2354.93 
1378.65 
2768.44 
1216.79 
867.98  
1241.05 
2848.12 
393.71  
4390.49 
2042.84 
3727.98 
2632.58 
553.22  
2944.05 
4882.92 
2673.95 
1441.12 
1109.72 
1218.26 
654.29  
1632.35 
3483.47 
992.30  
3068.59 
1034.46 
652.78  
1007.53 
2516.62 
725.36  
1384.38 
1971.15 
1223.84 
2339.91 
1210.30 
2713.78 
1943.92 
598.73  
5111.57 
2701.37 
2410.58 
2216.56 
1745.83 
542.85  
1800.29 
919.49  
1389.63 
1118.73 
3011.37 
3957.27 
4485.04 
3211.21 
3142.70 
714.38  
982.46  
2405.37 
2044.18 
1101.48 
1184.03 
408.95  
1342.79 
2009.82 
5492.77 
5024.33 
5683.77 
1878.81 
3111.75 
350.77  
2202.59 
762.16  
2289.66 
475.68  
1465.01 
444.77  
657.80  
2705.69 
2194.51 
2863.49 
2154.56 
2982.64 
4277.22 
4692.01 
5344.59 
902.95  
4209.99 
1681.40 
3969.02 
2200.87 
1531.38 
1599.26 
902.16  
954.56  
3163.22 
3350.23 
1228.22 
1313.90 
2014.17 
1572.64 
4777.37 
1473.71 
1393.76 
2300.35 
419.44  
1061.91 
1299.48 
2559.62 
866.59  
1537.91 
964.89  
2045.96 
1140.92 
3188.93 
3269.59 
1213.90 
483.21  
1532.19 
410.44  
1921.93 
2746.96 
1322.74 
3104.95 
2625.27 
1708.32 
3842.83 
562.72  
2470.47 
1518.57 
3018.28 
1916.66 
4160.95 
4884.80 
1792.77 
1807.51 
842.65  
2444.74 
2603.86 
2885.13 
1515.90 
575.16  
626.34  
3282.45 
4248.55 
5177.73 
1341.24 
1445.37 
576.31  
2570.44 
1193.82 
750.19  
3879.89 
2299.36 
1007.79 
803.16  
10365.64
1708.43 
1095.70 
1261.28 
2197.21 
1036.55 
2154.24 
2487.74 
4086.58 
1841.52 
1635.97 
2385.44 
1811.59 
1220.08 
5159.51 
2627.58 
1259.77 
1957.21 
926.64  
1261.80 
2917.15 
2036.06 
2127.42 
4868.47 
917.28  
1044.23 
1735.90 
2048.71 
879.08  
3703.56 
498.17  
3232.66 
3822.56 
1446.19 
752.29  
986.65  
3731.66 
2339.53 
514.63  
243.31  
4329.32 
1534.60 
3038.19 
1647.42 
2165.34 
1313.44 
1644.73 
6630.15 
1318.14 
3211.89 
845.74  
2667.61 
1580.60 
3907.76 
1916.00 
1151.36 
1233.53 
1406.17 
677.32  
1160.58 
724.57  
1736.80 
669.90  
2430.68 
3138.80 
1510.85 
948.82  
2267.50 
1347.80 
1633.98 
5226.75 
8427.88 
7570.82 
3217.52 
1054.73 
1967.69 
908.22  
2673.43 
681.96  
2178.47 
3032.46 
1389.56 
2053.39 
2182.08 
1472.26 
3164.85 
4677.47 
997.42  
1008.09 
654.16  
1178.17 
1233.28 
831.54  
2238.56 
1320.21 
437.46  
932.42  
1641.13 
849.51  
1453.54 
4954.42 
1493.37 
1127.67 
541.84  
3155.46 
1220.04 
2720.54 
1155.65 
666.05  
1529.36 
1881.29 
766.34  
3315.29 
957.01  
1446.59 
2810.65 
2040.24 
2335.12 
1084.68 
1163.12 
2431.02 
2946.86 
2569.14 
709.66  
867.49  
2736.10 
610.92  
3533.75 
2979.43 
1043.59 
612.61  
526.26  
6350.35 
4953.12 
874.96  
1809.39 
727.69  
3328.30 
1066.06 
2521.88 
1814.04 
2234.81 
1855.66 
968.28  
1358.51 
5512.41 
273.29  
1207.75 
2100.02 
337.22  
6785.16 
1919.20 
2597.74 
1213.26 
3345.27 
3737.82 
1626.91 
1540.52 
1695.10 
731.43  
2275.30 
3386.71 
722.98  
883.56  
3829.79 
3236.74 
2609.97 
2364.91 
1647.53 
1196.66 
2866.77 
2603.32 
678.35  
10070.28
3474.86 
357.06  
2043.05 
622.69  
1643.67 
1500.92 
1628.48 
2595.65 
1330.94 
2534.67 
2623.89 
2101.56 
529.78  
958.46  
982.32  
793.69  
1248.92 
2440.46 
973.51  
6761.05 
6684.38 
2953.31 
768.91  
1813.85 
1254.83 
627.81  
2606.01 
5157.02 
1234.74 
2252.33 
1489.63 
2193.52 
3143.83 
648.06  
8317.70 
9719.12 
4752.03 
1311.76 
519.66  
1876.41 
2065.47 
5185.14 
2105.82 
5498.08 
464.63  
1169.54 
844.36  
989.57  
935.27  
923.76  
4126.67 
3310.11 
1851.29 
1835.13 
1968.95 
1754.26 
2689.61 
729.02  
1745.91 
1445.67 
1602.10 
1463.69 
1337.17 
1173.31 
3993.00 
4033.43 
930.43  
1272.47 
936.26  
769.65  
3646.48 
4433.36 
2537.51 
1227.87 
1081.70 
3022.18 
2209.59 
2399.60 
567.18  
401.26  
1798.34 
1984.72 
7169.53 
968.62  
931.79  
2717.96 
1478.66 
816.37  
1463.60 
2190.85 
679.71  
1358.11 
1137.42 
1985.39 
3456.80 
1227.01 
1477.66 
523.03  
1561.46 
1892.35 
2695.17 
5829.47 
2526.50 
401.31  
2030.91 
2502.71 
1312.98 
1051.01 
4323.65 
3310.83 
1824.38 
459.69  
1903.44 
925.27  
2990.49 
859.49  
4928.75 
2746.11 
1146.03 
3506.76 
2097.06 
2013.95 
456.85  
1714.86 
613.06  
3816.76 
1652.75 
1765.11 
2557.83 
2884.36 
1464.47 
1918.84 
2219.33 
1156.99 
1488.03 
2741.92 
2544.13 
2832.97 
3611.91 
611.51  
718.71  
1589.41 
1191.41 
2379.88 
508.94  
7558.14 
1157.20 
1508.61 
597.82  
2368.44 
5929.76 
3743.77 
1721.16 
1740.01 
1058.07 
2773.14 
1709.72 
2611.50 
3128.92 
3405.96 
2331.01 
904.67  
855.34  
3115.11 
2685.60 
1820.03 
2602.17 
1321.22 
1442.38 
1215.03 
4803.29 
7745.77 
1379.02 
824.89  
2208.68 
2309.65 
3003.46 
1909.72 
2570.53 
1260.14 
602.14  
745.98  
3138.70 
1501.31 
553.57  
454.93  
890.37  
2372.15 
2374.40 
1641.94 
4747.71 
2286.85 
1559.56 
4231.13 
2719.79 
1188.28 
2652.30 
10223.86
1333.06 
7929.42 
1014.30 
5790.74 
732.10  
863.63  
716.38  
728.18  
1148.78 
1697.98 
927.55  
2119.62 
870.03  
3741.19 
1532.38 
5792.10 
1464.05 
1130.57 
5683.31 
3183.28 
1454.15 
4262.75 
1732.73 
1952.88 
492.08  
764.12  
1320.71 
3299.84 
1237.51 
2486.86 
2459.09 
2061.79 
4182.73 
757.98  
887.52  
4964.30 
3366.21 
351.79  
520.17  
1395.04 
1040.30 
6736.29 
629.72  
2289.23 
1154.02 
1764.68 
2057.45 
2065.23 
763.81  
4241.80 
1843.74 
2716.05 
2658.46 
1706.14 
2280.80 
1447.02 
1063.86 
594.32  
1147.45 
2140.35 
1524.76 
1595.32 
3729.21 
3335.34 
816.98  
1439.96 
2714.80 
3184.40 
1786.28 
453.79  
1639.15 
1707.91 
3822.69 
671.96  
1855.95 
1660.91 
749.78  
891.88  
1381.18 
3335.11 
1296.28 
1859.41 
1606.59 
2134.19 
1275.35 
2162.15 
2771.49 
1888.28 
1399.22 
2582.72 
1023.97 
1813.42 
798.64  
1538.68 
1275.39 
3967.33 
1479.09 
1314.28 
1407.36 
4415.57 
608.81  
1375.00 
3243.33 
1059.66 
3579.36 
1159.38 
4802.89 
1885.16 
1003.99 
1626.95 
2159.91 
1844.50 
1048.56 
1676.32 
2385.40 
2090.42 
1530.35 
2327.55 
1996.90 
847.33  
2017.00 
1393.64 
1078.10 
1962.55 
6018.12 
1239.03 
1797.96 
2112.42 
3443.34 
836.16  
323.14  
1866.86 
931.11  
3499.82 
2426.58 
3156.20 
1251.28 
771.08  
1871.51 
1412.56 
2629.09 
2137.52 
1698.98 
2153.12 
2520.65 
887.91  
8082.92 
3078.81 
966.38  
762.84  
1575.14 
1134.01 
4024.89 
1108.27 
7745.74 
2169.89 
1208.02 
925.71  
3075.93 
2397.28 
856.77  
2027.39 
1657.77 
1102.81 
1323.68 
2318.01 
495.98  
651.26  
669.33  
1656.93 
1431.49 
1420.45 
1416.30 
1182.54 
1000.88 
2954.27 
572.68  
1078.47 
1699.94 
2355.79 
1911.94 
2436.70 
1536.67 
1294.47 
1392.56 
1970.79 
3853.95 
1110.75 
1745.61 
2007.82 
1376.83 
1085.38 
4453.75 
2455.98 
906.67  
1644.54 
2301.79 
2254.18 
1548.38 
4487.36 
1645.88 
1258.44 
1290.63 
1427.78 
653.43  
925.23  
2231.15 
2664.18 
3034.15 
1343.61 
2044.67 
2517.48 
1344.20 
1630.31 
1281.77 
2161.23 
1431.98 
1972.77 
1947.81 
1987.00 
2817.09 
3506.76 
523.19  
1047.60 
2698.74 
978.82  
1000.03 
4456.43 
1371.12 
2080.68 
1656.04 
1263.10 
759.82  
1447.90 
1885.66 
1053.55 
3111.77 
4102.15 
2961.48 
2934.30 
1529.70 
2814.17 
581.66  
1355.58 
3970.70 
521.87  
1528.54 
2839.01 
3953.91 
6077.09 
777.16  
1701.67 
2048.45 
416.35  
1837.71 
1808.66 
3366.55 
1503.01 
1816.84 
5764.60 
1193.38 
824.92  
957.60  
3843.14 
4495.81 
1951.09 
2965.39 
1671.50 
6051.68 
1101.46 
2338.27 
782.47  
524.32  
1835.86 
1241.41 
1089.44 
1036.52 
2442.28 
1984.57 
6069.26 
746.71  
675.28  
1165.06 
1115.60 
3231.46 
1338.77 
5456.46 
611.04  
3498.52 
1246.51 
1979.22 
1267.45 
1297.82 
1089.45 
3038.02 
3170.94 
1348.20 
1135.39 
819.47  
1882.42 
1932.14 
4190.07 
1821.22 
2148.42 
1834.89 
386.63  
899.08  
2173.32 
3517.19 
1922.68 
3968.19 
1391.83 
930.50  
1380.43 
1999.98 
1537.46 
1329.60 
1909.46 
1683.00 
7479.15 
1111.75 
722.68  
2261.50 
1141.64 
1671.52 
2553.78 
2849.49 
5435.55 
1725.23 
3606.14 
1208.81 
2009.43 
2309.19 
6815.21 
1397.98 
677.89  
3473.37 
787.11  
1486.95 
2204.34 
1396.29 
1552.80 
1696.28 
716.03  
1248.00 
2963.79 
2563.00 
2028.29 
7313.54 
1035.06 
1408.47 
2290.99 
2780.05 
1273.14 
2180.27 
1000.04 
1011.19 
239.12  
803.92  
934.98  
1037.20 
2459.47 
1205.96 
647.74  
5449.61 
1531.58 
1946.18 
1080.24 
3361.61 
2563.75 
1189.48 
4036.33 
1477.67 
2947.03 
1093.69 
725.68  
944.75  
908.26  
1095.13 
1518.37 
1982.39 
1819.91 
1147.67 
1270.44 
4505.96 
2229.77 
926.49  
4204.45 
1190.57 
609.11  
4826.45 
6008.75 
1975.75 
490.30  
1528.70 
1868.48 
1015.11 
918.63  
1635.80 
1877.97 
4419.56 
2477.51 
2286.73 
3678.99 
893.30  
4096.03 
2343.32 
1981.80 
1021.29 
1514.06 
4832.18 
5437.01 
3521.48 
869.29  
1543.36 
644.41  
5414.16 
767.10  
1823.51 
2572.01 
1212.13 
2076.54 
1950.61 
1087.95 
1965.22 
1999.56 
1611.07 
1149.54 
679.66  
510.60  
2091.30 
1989.77 
582.52  
2044.63 
925.58  
1912.79 
1516.19 
3298.69 
906.04  
1601.94 
820.20  
2103.40 
1609.47 
6422.56 
1523.41 
1887.59 
5760.35 
1670.71 
6500.33 
1017.05 
1144.70 
2424.80 
684.73  
3275.28 
2599.58 
3326.79 
1994.97 
1052.65 
518.00  
5708.04 
1750.61 
3706.46 
1176.25 
6948.26 
1834.62 
3628.48 
4373.42 
1650.59 
3482.71 
1395.61 
5698.58 
3049.24 
1051.35 
2503.95 
1060.31 
1866.49 
1332.95 
2077.47 
1733.64 
2605.07 
1192.21 
2048.48 
1965.04 
1991.22 
4825.40 
882.90  
3292.85 
2105.48 
1590.00 
879.72  
870.25  
6344.43 
1087.09 
7470.06 
3041.45 
1507.63 
1453.55 
1904.97 
2277.46 
1337.00 
1322.52 
1205.24 
1221.08 
1401.17 
1573.85 
1871.84 
1619.31 
1514.70 
599.39  
2378.94 
1683.50 
14345.07
1168.52 
1820.50 
1088.25 
2088.35 
1049.47 
588.88  
1855.03 
1349.68 
2481.77 
2713.86 
982.36  
2416.29 
1653.88 
3361.78 
2959.35 
3004.51 
1167.11 
1067.26 
1061.63 
870.86  
5169.48 
2506.15 
3794.75 
1161.30 
720.44  
1041.93 
902.59  
1339.20 
1650.23 
615.30  
2212.38 
1036.97 
1887.71 
2450.79 
967.54  
994.16  
1921.08 
838.96  
1022.79 
1735.89 
3276.60 
2679.86 
1243.62 
3136.63 
1854.90 
2732.06 
564.12  
4306.30 
5901.60 
1767.13 
1697.34 
1025.56 
2640.64 
1219.97 
1906.18 
1857.15 
829.50  
2084.77 
1600.79 
537.81  
540.90  
1847.61 
7929.73 
1136.36 
1568.35 
1176.86 
1625.53 
1262.00 
2747.03 
854.99  
1282.26 
1250.21 
3241.38 
412.74  
1242.43 
562.10  
902.78  
580.98  
1108.38 
1788.99 
979.42  
1300.13 
787.20  
1202.02 
1550.05 
2500.26 
918.61  
1900.82 
1033.85 
1194.88 
1509.54 
3596.98 
1720.51 
1164.18 
2431.11 
1059.72 
804.75  
895.99  
1776.52 
5795.89 
1857.47 
405.58  
2634.76 
2268.80 
250.62  
5261.16 
578.45  
829.13  
1256.07 
1771.16 
1345.89 
2806.98 
758.56  
1698.10 
2439.83 
1498.77 
2031.54 
1096.50 
1554.05 
2134.88 
570.29  
1966.35 
1650.67 
461.58  
1570.64 
3832.35 
848.27  
1175.17 
851.92  
5917.36 
853.38  
3718.73 
991.27  
6550.31 
1544.82 
3747.21 
1300.32 
2435.35 
2849.16 
3151.60 
591.33  
1595.00 
1932.96 
3153.86 
728.24  
1064.95 
1609.83 
2080.89 
5621.70 
2620.15 
1403.18 
782.91  
1761.92 
4242.74 
6484.68 
3331.68 
1545.20 
1277.99 
1911.25 
671.67  
1753.80 
1081.14 
3338.07 
1708.08 
676.98  
3364.55 
2626.58 
2033.69 
2163.48 
983.86  
1246.99 
1440.69 
1110.85 
1457.63 
1129.54 
1721.15 
919.58  
2942.78 
1660.39 
3164.31 
831.96  
973.41  
2220.97 
1215.29 
928.77  
4152.81 
909.00  
1144.98 
366.05  
2586.96 
3457.07 
2780.76 
398.10  
2370.14 
4180.63 
539.48  
4749.69 
1444.28 
3654.50 
2838.54 
1673.01 
1870.90 
1842.39 
1963.04 
1080.89 
2739.79 
2020.41 
2448.73 
1047.37 
4581.31 
1730.08 
3051.84 
2028.85 
1718.82 
611.98  
1135.78 
941.78  
900.35  
946.88  
2582.30 
624.07  
1973.16 
1520.98 
2676.63 
700.27  
2878.65 
466.41  
3982.12 
1074.83 
2092.31 
2131.41 
1031.57 
2331.27 
775.23  
1101.84 
1372.77 
590.15  
1931.82 
581.56  
1148.19 
1043.84 
996.48  
997.13  
1985.55 
464.13  
531.30  
1745.22 
2870.92 
1501.15 
1402.35 
2995.48 
961.48  
2333.12 
3569.38 
1668.04 
2050.46 
1676.86 
1943.99 
2197.68 
987.82  
3263.00 
1371.51 
451.97  
1642.20 
3710.16 
3344.34 
1783.13 
4203.32 
1905.61 
646.32  
865.67  
719.22  
688.32  
548.84  
1817.80 
950.32  
968.99  
2200.97 
6045.55 
1580.82 
812.82  
2710.21 
4853.45 
1153.43 
525.20  
3586.66 
3775.61 
1030.70 
1746.93 
2391.39 
1730.79 
944.94  
2990.92 
2196.23 
5549.71 
3624.40 
833.95  
1842.02 
2481.12 
2233.02 
1634.93 
812.82  
855.12  
1497.26 
781.25  
2276.62 
1454.08 
562.52  
1667.28 
490.04  
1009.92 
1192.16 
1816.28 
4451.30 
977.04  
1622.46 
776.85  
1018.81 
1428.50 
826.06  
1703.16 
5607.40 
2697.34 
1426.88 
1506.46 
2669.66 
3007.70 
3244.80 
2500.01 
2004.99 
751.13  
660.62  
2062.55 
1270.87 
929.40  
1296.89 
1122.64 
1465.73 
4115.89 
1074.00 
1104.55 
2547.37 
1060.36 
2638.71 
2260.78 
1660.36 
1126.11 
1975.93 
401.12  
1693.96 
1352.42 
2674.31 
2771.07 
1061.09 
1344.79 
1517.30 
2453.28 
510.58  
3025.58 
948.91  
1345.51 
3221.31 
1176.50 
1802.95 
2938.92 
4672.56 
1838.72 
1514.07 
869.10  
3463.74 
511.79  
566.53  
1273.54 
2809.93 
2649.58 
1168.54 
6414.51 
1541.90 
1256.96 
2158.10 
1760.04 
963.17  
1090.99 
1500.85 
1315.49 
1037.85 
3877.44 
4849.38 
3477.04 
1972.86 
5578.18 
1433.05 
1784.88 
379.37  
1231.22 
1219.89 
1183.04 
1541.11 
2120.60 
1966.99 
1801.93 
607.24  
2160.17 
1572.41 
768.33  
1235.61 
1731.79 
4956.98 
1100.01 
426.03  
797.77  
2117.42 
1716.09 
963.95  
820.90  
852.07  
2191.46 
3609.48 
1623.32 
1516.34 
2848.72 
1182.11 
1287.89 
4475.83 
630.74  
447.28  
576.78  
1418.36 
472.59  
1248.35 
1963.92 
3267.58 
2070.01 
1577.23 
2073.32 
914.96  
1973.99 
2262.46 
2660.94 
2151.87 
1188.57 
2752.36 
1812.07 
935.18  
2197.60 
2879.75 
1495.09 
6438.64 
1835.26 
462.81  
2242.93 
2105.32 
1396.99 
680.69  
2853.06 
1685.96 
1421.10 
1757.99 
507.33  
2309.36 
1433.43 
1801.14 
847.23  
1833.69 
397.28  
702.47  
3360.09 
2625.62 
1910.19 
1855.06 
13357.83
4088.38 
2467.82 
4048.20 
2455.04 
1013.32 
620.95  
1879.74 
1575.25 
848.64  
2168.93 
3447.36 
1132.75 
2211.60 
1150.40 
1126.83 
509.47  
553.81  
772.37  
1701.57 
2300.48 
885.35  
3054.25 
2137.51 
2779.33 
2160.02 
804.94  
778.51  
772.05  
5085.20 
1091.13 
874.95  
1479.41 
455.34  
1868.91 
1240.33 
2391.89 
3155.63 
1632.96 
11337.54
1573.50 
1721.34 
2020.71 
741.96  
2998.27 
7521.56 
2952.26 
809.97  
617.78  
1839.50 
4048.05 
4581.45 
1566.79 
4082.94 
809.05  
3234.48 
938.77  
2287.02 
1863.22 
1601.11 
1115.41 
2604.66 
3312.97 
2205.28 
2264.45 
2138.79 
4474.89 
2039.04 
2544.78 
2051.69 
1607.31 
364.74  
2874.72 
2155.71 
1954.80 
2118.56 
925.60  
2801.10 
783.73  
1875.84 
3293.51 
2473.13 
1680.20 
1588.40 
404.98  
2909.43 
1179.00 
1868.40 
2052.48 
3107.51 
792.06  
2270.41 
1426.39 
4745.73 
1704.15 
610.62  
2372.70 
3571.24 
545.71  
808.56  
1858.96 
1760.63 
1547.59 
2612.92 
759.24  
1542.23 
1159.77 
2362.96 
677.57  
1858.20 
1670.97 
1971.17 
2957.80 
2305.20 
1410.23 
2507.18 
2162.68 
359.15  
986.18  
2311.16 
430.19  
1246.79 
901.34  
2490.15 
1581.30 
1176.27 
901.09  
2229.32 
809.61  
1096.17 
2800.89 
796.06  
2298.18 
1340.97 
1704.42 
5957.50 
1100.22 
1710.05 
1693.09 
1554.81 
1841.48 
1614.27 
947.17  
953.20  
2741.75 
2725.38 
4292.40 
3236.26 
1213.42 
2772.62 
942.10  
2002.79 
3798.93 
1808.66 
2412.32 
1555.81 
1091.81 
2724.01 
3197.09 
2917.93 
6762.15 
930.37  
4677.83 
2801.12 
2320.97 
3078.24 
820.88  
870.48  
1830.08 
1288.55 
8507.53 
1532.10 
3645.78 
1192.86 
4944.35 
966.64  
1650.14 
625.91  
1456.06 
1708.86 
916.99  
3903.49 
2001.30 
1550.65 
451.04  
1940.08 
1151.15 
1391.52 
5114.61 
1184.35 
990.28  
3220.27 
1913.34 
1288.09 
1426.25 
2037.35 
1091.60 
842.40  
1719.05 
968.06  
1020.41 
999.42  
426.34  
3121.27 
2481.35 
1778.43 
4202.72 
300.28  
1139.11 
8201.53 
2100.62 
669.65  
5883.94 
1334.72 
518.09  
3673.79 
3635.90 
1441.02 
4612.86 
447.32  
924.80  
4526.52 
2482.56 
2274.67 
1337.92 
1727.27 
1529.68 
2424.35 
868.82  
1396.43 
421.51  
1413.65 
903.56  
2034.99 
1221.25 
1172.51 
2299.63 
1212.95 
1975.74 
3515.05 
1403.35 
1011.02 
3268.70 
624.40  
1066.31 
1945.83 
3953.03 
5033.93 
1985.00 
2332.15 
2043.16 
1527.71 
1003.79 
2373.08 
2178.94 
4720.36 
1451.82 
2433.96 
377.13  
3004.26 
1984.54 
6566.12 
4033.83 
1164.52 
1134.50 
1076.41 
747.33  
767.78  
1094.94 
1187.66 
1456.31 
1047.81 
2511.15 
1728.38 
2925.86 
2177.10 
1669.09 
3323.82 
733.72  
476.10  
1541.13 
1242.05 
706.01  
1338.64 
3103.69 
3200.66 
1796.36 
1199.41 
2609.56 
1987.94 
1262.74 
285.10  
5375.41 
3101.38 
2610.67 
1509.92 
3876.80 
2282.85 
2459.20 
961.95  
403.98  
1489.26 
3746.41 
1616.17 
527.11  
777.25  
877.42  
2497.83 
674.69  
2347.92 
2862.91 
1761.28 
1366.22 
4101.87 
1496.26 
940.61  
1165.41 
2798.69 
4871.78 
