2615.93 
863.93  
1990.52 
2815.77 
1181.31 
1321.13 
455.36  
812.47  
2638.90 
17301.72
2618.16 
899.55  
927.66  
1569.62 
788.48  
839.86  
1154.13 
3432.48 
1984.21 
1851.34 
1353.11 
1283.09 
702.14  
939.59  
2473.08 
1329.14 
5062.80 
3665.39 
1342.91 
1266.49 
4149.37 
1421.11 
1067.65 
1582.38 
1517.10 
2231.76 
1436.04 
1581.01 
2678.55 
1726.84 
1260.95 
2307.47 
1098.35 
2925.36 
3246.11 
3707.37 
1809.62 
1642.22 
1330.80 
3982.66 
1511.45 
1836.05 
4822.77 
2352.42 
4060.15 
2687.49 
892.94  
1416.49 
2369.87 
2979.27 
1749.94 
590.76  
1891.84 
3644.70 
1354.93 
987.62  
2528.10 
921.70  
2754.99 
523.64  
4154.50 
1597.63 
714.21  
1969.43 
2289.36 
1236.10 
1152.87 
684.77  
8542.50 
549.87  
1450.41 
581.39  
2792.55 
1438.65 
4683.18 
4606.82 
3425.94 
2344.15 
1472.63 
448.04  
6390.48 
1181.18 
1474.17 
551.83  
1927.34 
1851.63 
1011.21 
698.54  
2726.87 
2786.87 
