2615.93 
863.93  
1990.52 
2815.77 
1181.31 
1321.13 
455.36  
812.47  
2638.90 
17301.72
2618.16 
899.55  
927.66  
1569.62 
788.48  
839.86  
1154.13 
3432.48 
1984.21 
1851.34 
1353.11 
1283.09 
702.14  
939.59  
2473.08 
1329.14 
5062.80 
3665.39 
1342.91 
1266.49 
4149.37 
1421.11 
1067.65 
1582.38 
1517.10 
2231.76 
1436.04 
1581.01 
2678.55 
1726.84 
1260.95 
2307.47 
1098.35 
2925.36 
3246.11 
3707.37 
1809.62 
1642.22 
1330.80 
3982.66 
1511.45 
1836.05 
4822.77 
2352.42 
4060.15 
2687.49 
892.94  
1416.49 
2369.87 
2979.27 
1749.94 
590.76  
1891.84 
3644.70 
1354.93 
987.62  
2528.10 
921.70  
2754.99 
523.64  
4154.50 
1597.63 
714.21  
1969.43 
2289.36 
1236.10 
1152.87 
684.77  
8542.50 
549.87  
1450.41 
581.39  
2792.55 
1438.65 
4683.18 
4606.82 
3425.94 
2344.15 
1472.63 
448.04  
6390.48 
1181.18 
1474.17 
551.83  
1927.34 
1851.63 
1011.21 
698.54  
2726.87 
2786.87 
8076.65 
2208.31 
1998.27 
1468.27 
505.59  
1158.64 
1044.97 
1978.12 
1185.95 
421.08  
2824.02 
989.32  
1344.19 
1877.80 
1055.74 
1008.91 
1134.03 
534.04  
1453.87 
1278.49 
1377.80 
1319.72 
2618.64 
2375.48 
1699.95 
4154.67 
1846.29 
740.00  
2377.21 
2247.85 
1063.67 
585.74  
855.49  
1734.93 
692.53  
3425.12 
1522.77 
1590.10 
1069.13 
2394.94 
3713.83 
1282.15 
9431.48 
1056.81 
1296.38 
1588.69 
1725.87 
1690.51 
3034.08 
4483.75 
1184.65 
1358.56 
1924.32 
846.11  
2239.15 
730.40  
2958.63 
1523.47 
1900.23 
1380.13 
1491.86 
2417.68 
2402.75 
2586.18 
1736.22 
846.60  
3118.40 
702.81  
2503.35 
3307.59 
8937.78 
1425.02 
1156.87 
1847.81 
1929.59 
2318.43 
893.41  
2283.98 
1504.00 
1797.21 
4079.38 
1860.58 
2578.37 
580.56  
987.44  
3861.66 
521.32  
1355.26 
1753.65 
5851.33 
3562.80 
2316.56 
1994.17 
829.05  
2078.72 
1798.68 
1305.49 
2225.58 
1658.11 
3313.24 
1101.11 
1382.11 
1274.74 
815.19  
1964.00 
3347.54 
2079.65 
1215.66 
1035.09 
1981.80 
1991.44 
556.25  
1629.94 
4550.54 
3759.29 
1204.75 
337.32  
582.06  
1114.90 
658.50  
1892.55 
2752.66 
5557.46 
2507.12 
543.71  
1639.98 
3914.75 
2607.55 
2974.14 
904.27  
934.29  
1596.35 
889.88  
931.82  
938.48  
1448.62 
3547.54 
858.90  
659.34  
1982.66 
2405.22 
483.87  
1190.66 
1897.30 
2133.73 
3468.00 
994.05  
1448.54 
1320.35 
1667.38 
1264.32 
1445.71 
760.38  
1929.90 
2878.00 
2950.16 
4040.29 
1566.82 
1440.82 
1125.52 
1159.41 
5022.42 
534.72  
3342.10 
954.08  
1727.51 
2617.48 
2343.51 
1175.02 
360.47  
4073.11 
2478.03 
662.66  
2531.58 
840.18  
2219.30 
2814.01 
480.65  
668.44  
977.95  
1523.62 
893.92  
2695.48 
6196.94 
2570.53 
5246.63 
2702.34 
562.49  
2674.99 
2307.01 
879.25  
1823.40 
560.95  
1324.38 
3854.04 
1186.00 
332.66  
406.81  
1680.96 
2794.64 
706.98  
1476.50 
538.23  
3196.24 
726.64  
1628.13 
3031.94 
2912.22 
1996.00 
1392.58 
2070.91 
756.56  
2813.56 
2384.87 
1538.28 
1707.28 
2702.79 
2225.17 
1839.47 
1034.03 
3222.49 
555.37  
1762.30 
1562.40 
2608.90 
5552.64 
540.45  
1375.20 
724.03  
2494.55 
2262.94 
4003.07 
529.53  
886.37  
2083.04 
1709.90 
2294.62 
3032.82 
1105.18 
1847.30 
1230.26 
3353.62 
1170.93 
588.48  
2946.74 
2725.93 
2615.51 
1070.98 
4150.21 
863.57  
595.56  
6606.63 
3238.49 
4296.12 
1203.27 
1505.34 
1457.37 
554.74  
332.20  
4675.28 
795.67  
3497.50 
1154.48 
528.19  
1032.89 
984.47  
1679.87 
1485.01 
1560.31 
2369.69 
1787.42 
879.71  
903.22  
452.66  
2034.50 
2081.72 
2456.68 
730.82  
1961.81 
1191.27 
4032.62 
790.68  
1928.26 
1086.58 
2814.52 
984.77  
1952.69 
915.17  
1397.48 
1011.22 
1917.88 
1548.11 
2919.25 
2847.63 
927.25  
2258.48 
2835.83 
2704.78 
3181.39 
1000.33 
1708.09 
2695.14 
2174.07 
2690.39 
2751.11 
6858.01 
1621.84 
1406.97 
1912.66 
2376.13 
1481.11 
1397.42 
1723.40 
3135.04 
2973.25 
2505.33 
3023.46 
1040.02 
965.68  
4014.58 
2297.87 
1226.24 
564.86  
739.41  
2482.52 
1859.19 
1091.48 
2363.77 
3066.62 
431.37  
1766.87 
1493.92 
1637.82 
1323.16 
389.67  
1424.42 
1556.19 
2555.49 
1509.89 
1647.22 
487.80  
1055.93 
2406.96 
2124.90 
1899.37 
5230.55 
3359.07 
1334.92 
2489.87 
987.50  
1128.32 
4665.59 
769.96  
827.05  
5459.39 
3098.78 
654.52  
2586.84 
5298.98 
4351.43 
1667.30 
1667.49 
955.86  
863.24  
3770.70 
1392.09 
2065.93 
3590.83 
3328.46 
1749.20 
3156.63 
1289.24 
533.72  
1890.69 
2458.27 
1012.72 
1604.40 
719.79  
3177.57 
2108.95 
910.65  
779.15  
1498.50 
3548.34 
8283.49 
16924.72
1826.16 
2168.29 
2319.96 
3364.23 
555.76  
797.34  
4045.69 
590.56  
687.60  
2190.71 
1771.88 
1137.45 
800.05  
1192.47 
1818.46 
2554.26 
1200.56 
4052.77 
1400.22 
1244.55 
1058.07 
2561.14 
528.86  
747.56  
1704.46 
4405.88 
1241.96 
806.13  
1028.91 
432.41  
598.13  
401.62  
5737.91 
2354.91 
1028.29 
3284.35 
3685.46 
2346.00 
2030.68 
2176.08 
3766.35 
4158.39 
10455.73
1107.12 
4422.83 
941.75  
1180.31 
4073.59 
1200.86 
1599.85 
8938.68 
2760.21 
1238.83 
390.69  
1026.90 
1894.07 
1137.01 
1301.78 
1366.77 
1622.63 
1166.02 
3734.22 
2023.95 
514.09  
1423.33 
3271.62 
869.88  
1629.78 
975.42  
4627.34 
2649.39 
1823.26 
1347.99 
2410.03 
5099.92 
11562.41
2548.54 
1706.89 
2060.82 
397.67  
2240.15 
1805.03 
934.23  
1903.49 
738.31  
1806.04 
1907.51 
2364.10 
1412.88 
1716.86 
2219.76 
2963.88 
2557.06 
808.65  
1844.97 
2719.08 
2367.79 
429.70  
802.77  
3915.52 
2015.73 
488.31  
1736.53 
667.59  
1267.65 
2018.68 
2244.15 
668.78  
3364.87 
931.31  
2236.43 
1229.85 
626.54  
2340.73 
2134.86 
1569.62 
9643.90 
5384.55 
2931.78 
683.35  
1127.33 
3376.28 
2219.59 
700.81  
1694.61 
1048.24 
3417.52 
2013.73 
782.31  
3100.13 
1128.83 
1687.55 
2240.19 
1230.95 
1870.90 
3351.52 
4065.94 
400.65  
1659.76 
5245.88 
808.02  
1148.49 
2889.99 
1379.30 
777.50  
1615.98 
2262.75 
3272.30 
3437.17 
1843.80 
564.19  
1515.98 
439.18  
1995.59 
1805.94 
551.37  
1436.33 
2951.36 
791.59  
588.23  
1969.22 
976.30  
1953.08 
1535.87 
2228.06 
1161.37 
1014.21 
1355.26 
2300.06 
523.53  
1614.15 
1148.02 
7339.03 
755.14  
2086.96 
1743.74 
2695.85 
1284.80 
1423.33 
9107.83 
1035.77 
1160.09 
928.11  
1150.68 
2382.80 
2417.24 
834.48  
1355.68 
4148.44 
2198.50 
7020.52 
2023.55 
3590.63 
2372.22 
599.51  
1972.41 
2649.82 
1414.03 
4573.39 
2027.14 
1909.57 
982.12  
1919.89 
1653.06 
2072.61 
1165.39 
552.09  
1257.81 
1641.91 
1241.48 
2479.22 
1045.18 
896.82  
2145.49 
1329.23 
1756.23 
2643.02 
972.08  
2234.81 
1194.69 
3496.30 
3956.00 
431.95  
2657.39 
3018.58 
3324.08 
1099.87 
2609.75 
2994.18 
1658.01 
1039.12 
958.12  
1758.31 
1041.79 
2622.89 
526.16  
4152.24 
1978.25 
1908.24 
2850.10 
418.51  
2207.57 
1444.55 
2675.82 
1136.56 
967.12  
2951.20 
594.83  
1580.88 
1568.42 
2743.76 
5331.59 
2648.22 
3508.10 
1303.57 
883.54  
255.49  
1447.58 
3910.37 
3412.56 
1904.67 
1824.08 
808.76  
2517.52 
1102.67 
977.88  
1358.14 
679.00  
9321.18 
4640.86 
2526.24 
1458.19 
3715.18 
1745.75 
1900.29 
667.19  
612.69  
3127.95 
1068.89 
2818.19 
601.96  
4026.62 
2137.12 
1541.32 
1795.07 
2772.22 
2608.76 
4052.52 
1414.22 
2003.43 
2026.63 
1125.15 
2019.43 
1841.65 
2287.56 
1542.48 
927.08  
2443.59 
4189.70 
1241.19 
1638.27 
1286.93 
860.07  
731.31  
2569.28 
997.32  
1707.44 
901.92  
867.00  
1022.95 
4105.15 
3036.55 
4670.14 
3245.66 
1301.47 
525.63  
5382.97 
4093.52 
1859.05 
1066.95 
2116.16 
1496.41 
1153.64 
4701.05 
3541.87 
3064.11 
3329.96 
1686.74 
2071.01 
3578.05 
1448.20 
1270.96 
1058.50 
6027.87 
4697.89 
1041.23 
1298.23 
2265.41 
1739.74 
1250.28 
1105.41 
1811.41 
1862.82 
1142.15 
778.76  
931.21  
1198.09 
2095.07 
1869.61 
1460.56 
1886.99 
2573.00 
1338.19 
2770.36 
1879.99 
2456.40 
1351.05 
912.10  
2550.10 
999.82  
2062.65 
1434.83 
1142.35 
2700.37 
1596.88 
4643.56 
1637.93 
1978.11 
1415.56 
2042.35 
1158.28 
1231.36 
3398.76 
1419.44 
2557.45 
1875.98 
1055.73 
1182.12 
3751.82 
1274.33 
980.40  
1037.43 
978.01  
962.06  
1996.04 
1532.08 
3742.81 
1502.25 
2760.49 
1408.21 
1777.40 
601.66  
4238.07 
572.42  
4557.68 
540.71  
1701.39 
865.95  
3229.63 
3275.64 
2935.68 
724.14  
684.15  
1048.41 
1641.49 
6053.33 
1645.05 
1783.64 
2481.30 
753.92  
4267.10 
7252.97 
2734.60 
5469.41 
958.09  
1733.87 
1252.88 
2360.97 
929.31  
538.92  
1619.19 
763.88  
1938.66 
3965.31 
2245.04 
2168.10 
1038.51 
6843.10 
2084.14 
522.40  
1688.37 
820.13  
1035.21 
1659.77 
1632.26 
512.07  
1006.69 
1034.01 
1397.43 
1482.00 
2243.06 
2155.56 
4187.90 
2382.44 
1745.60 
2240.33 
1494.16 
1331.83 
1947.52 
1581.61 
418.32  
534.33  
2685.48 
3978.23 
324.27  
2137.68 
2380.24 
615.25  
5982.24 
2074.83 
1062.38 
1097.54 
4307.79 
702.38  
1704.39 
1042.50 
4281.98 
1458.19 
1068.99 
1601.09 
480.34  
615.25  
3205.59 
1830.24 
3089.78 
645.65  
1985.79 
680.06  
1374.55 
1811.26 
963.47  
2687.19 
3039.03 
3282.15 
2377.01 
1667.05 
950.25  
6404.28 
1565.30 
1858.88 
2138.15 
6061.24 
2088.00 
3168.80 
2758.97 
1200.14 
2086.15 
1900.84 
813.58  
5999.78 
1319.10 
939.20  
1406.35 
2070.17 
2096.68 
1133.75 
3485.92 
1753.50 
2008.34 
1411.65 
3152.29 
3103.18 
2103.85 
1100.21 
